Eigvals	8
0.564419189643	0.4792691431	0.325046030346	0.289710934023	0.214033068591	0.188192771768	0.165685521579	0.0

Proportion explained	8
0.25351696789	0.215270604174	0.145999082862	0.130127817951	0.09613602013	0.0845294804868	0.0744200265065	0.0

Species	0	0

Site	8	8
D1	-0.265998814094	-0.204400545571	-0.0752476849158	0.0621484003643	-0.352135439056	0.0740086608906	-0.0620843267334	-0.0
D3	-0.0698273209472	-0.291509253215	-0.0642136786484	-0.0655150498964	0.232353208046	0.0042289965204	-0.260386875746	-0.0
WC	-0.423034033677	0.337883225486	0.308139601098	0.0282287897967	0.0686690498626	-0.0180209171216	-0.0135487780975	-0.0
D5	0.300758914283	-0.00354490163019	0.0969818997902	0.237471165294	0.0641518584447	0.291215025557	0.0593507584605	-0.0
SW	0.0553496012876	0.419546719166	-0.397783695473	-0.0567113885187	0.00824417495697	0.012667544005	-0.0231545692535	-0.0
D4	0.324694018322	0.00778963354184	0.0856231475754	0.213395267801	-0.0658202887008	-0.300028350948	-0.0402628592252	-0.0
D6	0.271233432515	-0.0168249921575	0.1720127362	-0.419062221796	-0.082188737384	0.019620299381	0.0468829540164	-0.0
D2	-0.193175797688	-0.24893988562	-0.125512325626	4.50369554779e-05	0.126726173831	-0.0836912582846	0.293203696579	-0.0

Biplot	0	0

Site constraints	0	0
