Eigvals	8
0.433375168617	0.261486656593	0.152380484357	0.112018002126	0.0965763255365	0.0808525697948	0.0710902868291	0.0

Proportion explained	8
0.358819776973	0.21650198395	0.126165815144	0.0927470640926	0.07996188545	0.0669431549436	0.0588603194465	0.0

Species	0	0

Site	8	8
D1	-0.0846630040292	0.220209298778	-0.0300246249916	-0.0114045621467	0.0292507640726	-0.0123959752388	0.215816186447	-0.0
D3	-0.364278933463	0.112244302699	-0.0949781350108	0.0504132947721	-0.11818391211	-0.116864296514	-0.0943387416788	-0.0
WC	0.288317348367	0.0222107639336	-0.173528694715	-0.207091416004	0.047066022699	-0.0541268847227	-0.054420205621	-0.0
D5	-0.0561276040142	-0.0605050871283	0.190843425949	0.0367310120794	0.205773997729	-0.10691199794	-0.0403134272171	-0.0
SW	0.338477476994	-0.00786832074877	-0.0989893025033	0.244951872183	-0.00686562147873	0.0244690227851	-0.0135004675669	-0.0
D4	0.196643916758	0.0763000098845	0.25467701175	-0.0610061060184	-0.168280911212	0.0242216270055	-0.0171908064589	-0.0
D6	-0.118467924854	-0.430917044704	-0.031532834862	-0.0277430596948	-0.0605857806511	0.0151893958874	0.0745738462039	-0.0
D2	-0.199901275758	0.0683260772862	-0.0164668456162	-0.0248510351711	0.0718254409513	0.226419108737	-0.0706263841084	-0.0

Biplot	0	0

Site constraints	0	0
