	sequences per sample	iteration	D1	D3	WC	D5	SW	D4	D6	D2
alpha_rarefaction_500_0.txt	500	0	264.0	157.0	328.0	118.0	151.0	69.0	82.0	168.0
alpha_rarefaction_500_1.txt	500	1	268.0	154.0	320.0	119.0	145.0	62.0	88.0	155.0
alpha_rarefaction_500_2.txt	500	2	250.0	143.0	303.0	116.0	160.0	67.0	76.0	156.0
alpha_rarefaction_500_3.txt	500	3	235.0	157.0	323.0	106.0	150.0	71.0	78.0	159.0
alpha_rarefaction_500_4.txt	500	4	242.0	153.0	331.0	112.0	159.0	67.0	85.0	143.0
alpha_rarefaction_500_5.txt	500	5	238.0	152.0	314.0	124.0	150.0	69.0	83.0	174.0
alpha_rarefaction_500_6.txt	500	6	246.0	159.0	324.0	114.0	153.0	85.0	86.0	163.0
alpha_rarefaction_500_7.txt	500	7	239.0	139.0	332.0	116.0	152.0	66.0	78.0	172.0
alpha_rarefaction_500_8.txt	500	8	228.0	148.0	326.0	115.0	146.0	65.0	90.0	161.0
alpha_rarefaction_500_9.txt	500	9	245.0	139.0	333.0	109.0	145.0	66.0	83.0	164.0
alpha_rarefaction_1500_0.txt	1500	0	482.0	269.0	728.0	182.0	223.0	123.0	121.0	301.0
alpha_rarefaction_1500_1.txt	1500	1	467.0	246.0	726.0	188.0	239.0	114.0	129.0	295.0
alpha_rarefaction_1500_2.txt	1500	2	440.0	268.0	703.0	168.0	227.0	105.0	125.0	280.0
alpha_rarefaction_1500_3.txt	1500	3	482.0	256.0	732.0	173.0	219.0	119.0	133.0	291.0
alpha_rarefaction_1500_4.txt	1500	4	462.0	270.0	736.0	179.0	228.0	106.0	125.0	280.0
alpha_rarefaction_1500_5.txt	1500	5	474.0	283.0	721.0	189.0	231.0	123.0	131.0	304.0
alpha_rarefaction_1500_6.txt	1500	6	480.0	257.0	737.0	183.0	228.0	120.0	131.0	280.0
alpha_rarefaction_1500_7.txt	1500	7	499.0	258.0	716.0	188.0	233.0	117.0	127.0	285.0
alpha_rarefaction_1500_8.txt	1500	8	458.0	251.0	739.0	182.0	251.0	107.0	135.0	274.0
alpha_rarefaction_1500_9.txt	1500	9	481.0	265.0	729.0	184.0	239.0	113.0	142.0	289.0
alpha_rarefaction_2500_0.txt	2500	0	624.0	312.0	1047.0	224.0	275.0	138.0	158.0	351.0
alpha_rarefaction_2500_1.txt	2500	1	614.0	326.0	1071.0	217.0	269.0	132.0	152.0	360.0
alpha_rarefaction_2500_2.txt	2500	2	619.0	328.0	1034.0	232.0	277.0	137.0	158.0	376.0
alpha_rarefaction_2500_3.txt	2500	3	613.0	344.0	1058.0	227.0	270.0	143.0	157.0	375.0
alpha_rarefaction_2500_4.txt	2500	4	624.0	353.0	999.0	214.0	275.0	144.0	162.0	362.0
alpha_rarefaction_2500_5.txt	2500	5	619.0	352.0	1057.0	212.0	275.0	140.0	144.0	384.0
alpha_rarefaction_2500_6.txt	2500	6	608.0	329.0	1030.0	236.0	266.0	135.0	155.0	346.0
alpha_rarefaction_2500_7.txt	2500	7	614.0	335.0	1030.0	210.0	275.0	138.0	154.0	364.0
alpha_rarefaction_2500_8.txt	2500	8	600.0	330.0	1073.0	224.0	268.0	132.0	149.0	368.0
alpha_rarefaction_2500_9.txt	2500	9	621.0	325.0	1065.0	208.0	273.0	133.0	159.0	371.0
alpha_rarefaction_3500_0.txt	3500	0	727.0	376.0	1301.0	236.0	306.0	166.0	182.0	418.0
alpha_rarefaction_3500_1.txt	3500	1	731.0	381.0	1296.0	231.0	309.0	153.0	171.0	427.0
alpha_rarefaction_3500_2.txt	3500	2	709.0	364.0	1280.0	251.0	303.0	156.0	164.0	441.0
alpha_rarefaction_3500_3.txt	3500	3	719.0	362.0	1258.0	232.0	309.0	157.0	176.0	416.0
alpha_rarefaction_3500_4.txt	3500	4	712.0	387.0	1264.0	242.0	310.0	162.0	172.0	447.0
alpha_rarefaction_3500_5.txt	3500	5	710.0	386.0	1276.0	236.0	305.0	153.0	181.0	435.0
alpha_rarefaction_3500_6.txt	3500	6	715.0	366.0	1310.0	249.0	308.0	153.0	178.0	436.0
alpha_rarefaction_3500_7.txt	3500	7	712.0	396.0	1278.0	236.0	299.0	162.0	169.0	439.0
alpha_rarefaction_3500_8.txt	3500	8	715.0	369.0	1286.0	246.0	296.0	156.0	168.0	427.0
alpha_rarefaction_3500_9.txt	3500	9	726.0	379.0	1275.0	242.0	296.0	160.0	172.0	424.0
alpha_rarefaction_4500_0.txt	4500	0	784.0	414.0	1510.0	247.0	322.0	158.0	186.0	481.0
alpha_rarefaction_4500_1.txt	4500	1	802.0	421.0	1499.0	251.0	318.0	162.0	193.0	475.0
alpha_rarefaction_4500_2.txt	4500	2	795.0	403.0	1432.0	256.0	328.0	171.0	195.0	472.0
alpha_rarefaction_4500_3.txt	4500	3	779.0	411.0	1475.0	251.0	322.0	163.0	198.0	473.0
alpha_rarefaction_4500_4.txt	4500	4	784.0	401.0	1504.0	250.0	332.0	173.0	191.0	466.0
alpha_rarefaction_4500_5.txt	4500	5	787.0	412.0	1508.0	256.0	322.0	175.0	188.0	484.0
alpha_rarefaction_4500_6.txt	4500	6	816.0	420.0	1487.0	249.0	333.0	178.0	191.0	484.0
alpha_rarefaction_4500_7.txt	4500	7	785.0	415.0	1451.0	260.0	336.0	169.0	187.0	492.0
alpha_rarefaction_4500_8.txt	4500	8	784.0	429.0	1506.0	259.0	328.0	172.0	203.0	481.0
alpha_rarefaction_4500_9.txt	4500	9	800.0	404.0	1481.0	248.0	324.0	168.0	193.0	464.0
alpha_rarefaction_5500_0.txt	5500	0	850.0	435.0	1638.0	263.0	340.0	190.0	198.0	522.0
alpha_rarefaction_5500_1.txt	5500	1	841.0	444.0	1679.0	271.0	345.0	185.0	199.0	504.0
alpha_rarefaction_5500_2.txt	5500	2	878.0	445.0	1655.0	270.0	357.0	169.0	202.0	520.0
alpha_rarefaction_5500_3.txt	5500	3	812.0	436.0	1649.0	269.0	347.0	183.0	195.0	498.0
alpha_rarefaction_5500_4.txt	5500	4	846.0	446.0	1663.0	266.0	338.0	179.0	202.0	509.0
alpha_rarefaction_5500_5.txt	5500	5	869.0	446.0	1695.0	268.0	334.0	183.0	201.0	507.0
alpha_rarefaction_5500_6.txt	5500	6	848.0	444.0	1672.0	266.0	355.0	180.0	193.0	517.0
alpha_rarefaction_5500_7.txt	5500	7	854.0	454.0	1666.0	275.0	336.0	190.0	202.0	507.0
alpha_rarefaction_5500_8.txt	5500	8	830.0	438.0	1695.0	266.0	340.0	189.0	194.0	503.0
alpha_rarefaction_5500_9.txt	5500	9	866.0	444.0	1713.0	262.0	341.0	179.0	198.0	517.0
alpha_rarefaction_6500_0.txt	6500	0	940.0	458.0	1833.0	283.0	360.0	186.0	205.0	547.0
alpha_rarefaction_6500_1.txt	6500	1	890.0	466.0	1791.0	268.0	366.0	187.0	200.0	552.0
alpha_rarefaction_6500_2.txt	6500	2	896.0	476.0	1813.0	270.0	348.0	199.0	207.0	562.0
alpha_rarefaction_6500_3.txt	6500	3	888.0	493.0	1842.0	264.0	346.0	188.0	211.0	543.0
alpha_rarefaction_6500_4.txt	6500	4	872.0	483.0	1841.0	261.0	360.0	184.0	193.0	549.0
alpha_rarefaction_6500_5.txt	6500	5	900.0	467.0	1824.0	271.0	370.0	180.0	203.0	560.0
alpha_rarefaction_6500_6.txt	6500	6	872.0	481.0	1834.0	272.0	358.0	188.0	208.0	541.0
alpha_rarefaction_6500_7.txt	6500	7	908.0	475.0	1843.0	267.0	352.0	178.0	214.0	539.0
alpha_rarefaction_6500_8.txt	6500	8	870.0	464.0	1810.0	273.0	371.0	186.0	212.0	535.0
alpha_rarefaction_6500_9.txt	6500	9	884.0	460.0	1877.0	256.0	347.0	197.0	211.0	526.0
alpha_rarefaction_7500_0.txt	7500	0	920.0	487.0	1974.0	276.0	372.0	202.0	205.0	562.0
alpha_rarefaction_7500_1.txt	7500	1	942.0	494.0	1979.0	278.0	373.0	198.0	213.0	572.0
alpha_rarefaction_7500_2.txt	7500	2	934.0	495.0	1931.0	278.0	370.0	199.0	220.0	564.0
alpha_rarefaction_7500_3.txt	7500	3	933.0	483.0	1983.0	271.0	371.0	195.0	220.0	542.0
alpha_rarefaction_7500_4.txt	7500	4	932.0	480.0	1982.0	283.0	367.0	205.0	221.0	557.0
alpha_rarefaction_7500_5.txt	7500	5	932.0	476.0	1976.0	276.0	373.0	195.0	218.0	564.0
alpha_rarefaction_7500_6.txt	7500	6	927.0	494.0	1989.0	289.0	362.0	197.0	228.0	586.0
alpha_rarefaction_7500_7.txt	7500	7	949.0	486.0	2026.0	272.0	376.0	195.0	224.0	576.0
alpha_rarefaction_7500_8.txt	7500	8	933.0	504.0	1962.0	281.0	373.0	194.0	213.0	558.0
alpha_rarefaction_7500_9.txt	7500	9	920.0	471.0	2025.0	282.0	370.0	199.0	219.0	584.0
alpha_rarefaction_8500_0.txt	8500	0	983.0	502.0	2118.0	279.0	369.0	202.0	221.0	599.0
alpha_rarefaction_8500_1.txt	8500	1	948.0	521.0	2081.0	289.0	386.0	199.0	223.0	596.0
alpha_rarefaction_8500_2.txt	8500	2	954.0	493.0	2135.0	285.0	381.0	206.0	219.0	579.0
alpha_rarefaction_8500_3.txt	8500	3	981.0	512.0	2186.0	274.0	387.0	205.0	210.0	582.0
alpha_rarefaction_8500_4.txt	8500	4	967.0	514.0	2147.0	289.0	394.0	202.0	229.0	587.0
alpha_rarefaction_8500_5.txt	8500	5	976.0	516.0	2128.0	289.0	387.0	202.0	227.0	611.0
alpha_rarefaction_8500_6.txt	8500	6	963.0	507.0	2077.0	280.0	375.0	208.0	222.0	585.0
alpha_rarefaction_8500_7.txt	8500	7	951.0	493.0	2131.0	284.0	377.0	206.0	232.0	586.0
alpha_rarefaction_8500_8.txt	8500	8	961.0	516.0	2100.0	283.0	384.0	203.0	234.0	582.0
alpha_rarefaction_8500_9.txt	8500	9	954.0	504.0	2118.0	282.0	370.0	207.0	229.0	607.0
alpha_rarefaction_9500_0.txt	9500	0	979.0	514.0	2190.0	286.0	395.0	209.0	236.0	613.0
alpha_rarefaction_9500_1.txt	9500	1	974.0	522.0	2258.0	289.0	390.0	215.0	237.0	624.0
alpha_rarefaction_9500_2.txt	9500	2	980.0	543.0	2245.0	294.0	391.0	206.0	231.0	626.0
alpha_rarefaction_9500_3.txt	9500	3	994.0	531.0	2241.0	290.0	388.0	205.0	236.0	609.0
alpha_rarefaction_9500_4.txt	9500	4	1010.0	509.0	2199.0	289.0	394.0	205.0	232.0	615.0
alpha_rarefaction_9500_5.txt	9500	5	978.0	512.0	2254.0	290.0	390.0	204.0	234.0	625.0
alpha_rarefaction_9500_6.txt	9500	6	998.0	514.0	2184.0	283.0	402.0	214.0	248.0	620.0
alpha_rarefaction_9500_7.txt	9500	7	990.0	523.0	2208.0	284.0	401.0	208.0	225.0	615.0
alpha_rarefaction_9500_8.txt	9500	8	968.0	516.0	2217.0	287.0	414.0	198.0	224.0	621.0
alpha_rarefaction_9500_9.txt	9500	9	992.0	508.0	2295.0	286.0	389.0	204.0	227.0	607.0
alpha_rarefaction_10500_0.txt	10500	0	1028.0	533.0	2359.0	297.0	404.0	212.0	240.0	632.0
alpha_rarefaction_10500_1.txt	10500	1	1024.0	537.0	2306.0	290.0	409.0	203.0	242.0	627.0
alpha_rarefaction_10500_2.txt	10500	2	1009.0	545.0	2339.0	289.0	398.0	209.0	221.0	643.0
alpha_rarefaction_10500_3.txt	10500	3	1029.0	523.0	2318.0	289.0	414.0	196.0	238.0	636.0
alpha_rarefaction_10500_4.txt	10500	4	1004.0	538.0	2409.0	294.0	405.0	216.0	236.0	647.0
alpha_rarefaction_10500_5.txt	10500	5	1000.0	541.0	2394.0	297.0	407.0	217.0	231.0	639.0
alpha_rarefaction_10500_6.txt	10500	6	1006.0	528.0	2312.0	297.0	403.0	206.0	249.0	620.0
alpha_rarefaction_10500_7.txt	10500	7	1009.0	520.0	2319.0	297.0	403.0	212.0	248.0	654.0
alpha_rarefaction_10500_8.txt	10500	8	1014.0	523.0	2317.0	290.0	406.0	217.0	249.0	649.0
alpha_rarefaction_10500_9.txt	10500	9	1008.0	533.0	2329.0	291.0	405.0	209.0	240.0	652.0
alpha_rarefaction_11500_0.txt	11500	0	1042.0	560.0	2443.0	294.0	407.0	214.0	236.0	634.0
alpha_rarefaction_11500_1.txt	11500	1	1037.0	530.0	2402.0	295.0	414.0	211.0	231.0	664.0
alpha_rarefaction_11500_2.txt	11500	2	1044.0	540.0	2428.0	295.0	408.0	208.0	249.0	650.0
alpha_rarefaction_11500_3.txt	11500	3	1059.0	554.0	2484.0	292.0	403.0	213.0	242.0	651.0
alpha_rarefaction_11500_4.txt	11500	4	1035.0	544.0	2464.0	295.0	409.0	218.0	255.0	669.0
alpha_rarefaction_11500_5.txt	11500	5	1032.0	552.0	2480.0	295.0	406.0	214.0	238.0	645.0
alpha_rarefaction_11500_6.txt	11500	6	1055.0	547.0	2471.0	301.0	402.0	212.0	245.0	660.0
alpha_rarefaction_11500_7.txt	11500	7	1027.0	548.0	2474.0	295.0	409.0	218.0	240.0	664.0
alpha_rarefaction_11500_8.txt	11500	8	1030.0	550.0	2454.0	302.0	401.0	213.0	248.0	667.0
alpha_rarefaction_11500_9.txt	11500	9	1032.0	534.0	2516.0	293.0	408.0	211.0	247.0	650.0
alpha_rarefaction_12500_0.txt	12500	0	1053.0	560.0	2568.0	303.0	417.0	222.0	267.0	661.0
alpha_rarefaction_12500_1.txt	12500	1	1058.0	562.0	2548.0	305.0	419.0	220.0	249.0	679.0
alpha_rarefaction_12500_2.txt	12500	2	1054.0	573.0	2500.0	301.0	411.0	219.0	253.0	683.0
alpha_rarefaction_12500_3.txt	12500	3	1061.0	543.0	2550.0	295.0	421.0	220.0	259.0	679.0
alpha_rarefaction_12500_4.txt	12500	4	1034.0	561.0	2569.0	297.0	404.0	217.0	253.0	673.0
alpha_rarefaction_12500_5.txt	12500	5	1040.0	555.0	2512.0	301.0	426.0	220.0	242.0	668.0
alpha_rarefaction_12500_6.txt	12500	6	1053.0	563.0	2485.0	293.0	416.0	213.0	256.0	653.0
alpha_rarefaction_12500_7.txt	12500	7	1042.0	549.0	2549.0	290.0	409.0	221.0	243.0	650.0
alpha_rarefaction_12500_8.txt	12500	8	1059.0	563.0	2559.0	295.0	422.0	210.0	265.0	677.0
alpha_rarefaction_12500_9.txt	12500	9	1043.0	548.0	2548.0	296.0	415.0	224.0	248.0	669.0
alpha_rarefaction_13500_0.txt	13500	0	1058.0	579.0	2658.0	303.0	415.0	225.0	272.0	684.0
alpha_rarefaction_13500_1.txt	13500	1	1078.0	554.0	2665.0	298.0	421.0	221.0	253.0	690.0
alpha_rarefaction_13500_2.txt	13500	2	1078.0	570.0	2639.0	304.0	412.0	222.0	265.0	701.0
alpha_rarefaction_13500_3.txt	13500	3	1063.0	574.0	2644.0	298.0	416.0	221.0	258.0	699.0
alpha_rarefaction_13500_4.txt	13500	4	1078.0	568.0	2620.0	303.0	424.0	225.0	262.0	706.0
alpha_rarefaction_13500_5.txt	13500	5	1077.0	571.0	2632.0	292.0	418.0	218.0	251.0	692.0
alpha_rarefaction_13500_6.txt	13500	6	1075.0	579.0	2622.0	301.0	431.0	224.0	258.0	692.0
alpha_rarefaction_13500_7.txt	13500	7	1061.0	562.0	2623.0	305.0	422.0	231.0	240.0	705.0
alpha_rarefaction_13500_8.txt	13500	8	1057.0	579.0	2625.0	296.0	432.0	220.0	248.0	690.0
alpha_rarefaction_13500_9.txt	13500	9	1065.0	547.0	2637.0	299.0	419.0	220.0	250.0	665.0
alpha_rarefaction_14500_0.txt	14500	0	1072.0	571.0	2754.0	307.0	441.0	226.0	265.0	701.0
alpha_rarefaction_14500_1.txt	14500	1	1078.0	586.0	2771.0	299.0	431.0	235.0	254.0	705.0
alpha_rarefaction_14500_2.txt	14500	2	1082.0	584.0	2696.0	308.0	421.0	235.0	261.0	705.0
alpha_rarefaction_14500_3.txt	14500	3	1081.0	586.0	2739.0	311.0	424.0	224.0	262.0	730.0
alpha_rarefaction_14500_4.txt	14500	4	1098.0	582.0	2687.0	301.0	423.0	220.0	263.0	711.0
alpha_rarefaction_14500_5.txt	14500	5	1083.0	569.0	2758.0	302.0	437.0	229.0	266.0	689.0
alpha_rarefaction_14500_6.txt	14500	6	1073.0	570.0	2724.0	300.0	439.0	217.0	248.0	730.0
alpha_rarefaction_14500_7.txt	14500	7	1108.0	563.0	2702.0	308.0	431.0	220.0	259.0	715.0
alpha_rarefaction_14500_8.txt	14500	8	1093.0	573.0	2691.0	317.0	425.0	223.0	263.0	698.0
alpha_rarefaction_14500_9.txt	14500	9	1084.0	584.0	2715.0	295.0	424.0	227.0	259.0	696.0
alpha_rarefaction_15500_0.txt	15500	0	1097.0	584.0	2802.0	307.0	436.0	225.0	273.0	702.0
alpha_rarefaction_15500_1.txt	15500	1	1101.0	580.0	2802.0	305.0	436.0	223.0	265.0	715.0
alpha_rarefaction_15500_2.txt	15500	2	1097.0	592.0	2830.0	308.0	438.0	223.0	266.0	716.0
alpha_rarefaction_15500_3.txt	15500	3	1094.0	581.0	2767.0	311.0	433.0	225.0	267.0	714.0
alpha_rarefaction_15500_4.txt	15500	4	1093.0	577.0	2812.0	308.0	432.0	219.0	275.0	717.0
alpha_rarefaction_15500_5.txt	15500	5	1075.0	586.0	2751.0	304.0	444.0	223.0	264.0	726.0
alpha_rarefaction_15500_6.txt	15500	6	1083.0	575.0	2810.0	304.0	426.0	224.0	273.0	717.0
alpha_rarefaction_15500_7.txt	15500	7	1113.0	575.0	2804.0	306.0	443.0	230.0	259.0	721.0
alpha_rarefaction_15500_8.txt	15500	8	1096.0	585.0	2783.0	299.0	440.0	228.0	256.0	727.0
alpha_rarefaction_15500_9.txt	15500	9	1087.0	587.0	2781.0	301.0	425.0	224.0	255.0	736.0
alpha_rarefaction_16500_0.txt	16500	0	1107.0	596.0	2843.0	311.0	446.0	234.0	276.0	738.0
alpha_rarefaction_16500_1.txt	16500	1	1109.0	591.0	2816.0	311.0	442.0	229.0	275.0	734.0
alpha_rarefaction_16500_2.txt	16500	2	1101.0	606.0	2859.0	309.0	439.0	226.0	258.0	737.0
alpha_rarefaction_16500_3.txt	16500	3	1110.0	593.0	2851.0	303.0	442.0	219.0	271.0	736.0
alpha_rarefaction_16500_4.txt	16500	4	1114.0	613.0	2848.0	311.0	440.0	237.0	270.0	729.0
alpha_rarefaction_16500_5.txt	16500	5	1102.0	594.0	2837.0	311.0	432.0	227.0	266.0	722.0
alpha_rarefaction_16500_6.txt	16500	6	1126.0	619.0	2836.0	300.0	444.0	230.0	269.0	731.0
alpha_rarefaction_16500_7.txt	16500	7	1105.0	601.0	2885.0	313.0	432.0	228.0	261.0	743.0
alpha_rarefaction_16500_8.txt	16500	8	1105.0	595.0	2814.0	308.0	438.0	230.0	263.0	725.0
alpha_rarefaction_16500_9.txt	16500	9	1102.0	595.0	2866.0	306.0	429.0	225.0	259.0	706.0
alpha_rarefaction_17500_0.txt	17500	0	1111.0	601.0	2938.0	310.0	454.0	227.0	272.0	728.0
alpha_rarefaction_17500_1.txt	17500	1	1129.0	603.0	2914.0	307.0	449.0	234.0	275.0	749.0
alpha_rarefaction_17500_2.txt	17500	2	1119.0	605.0	2899.0	306.0	424.0	229.0	278.0	734.0
alpha_rarefaction_17500_3.txt	17500	3	1118.0	598.0	2937.0	312.0	438.0	228.0	284.0	740.0
alpha_rarefaction_17500_4.txt	17500	4	1116.0	612.0	2902.0	311.0	438.0	225.0	271.0	741.0
alpha_rarefaction_17500_5.txt	17500	5	1113.0	606.0	2902.0	318.0	440.0	233.0	270.0	745.0
alpha_rarefaction_17500_6.txt	17500	6	1132.0	600.0	2893.0	308.0	464.0	235.0	279.0	754.0
alpha_rarefaction_17500_7.txt	17500	7	1112.0	607.0	2960.0	304.0	438.0	228.0	273.0	737.0
alpha_rarefaction_17500_8.txt	17500	8	1109.0	600.0	2903.0	313.0	439.0	236.0	282.0	743.0
alpha_rarefaction_17500_9.txt	17500	9	1118.0	591.0	2934.0	316.0	452.0	233.0	282.0	760.0
alpha_rarefaction_18500_0.txt	18500	0	1111.0	612.0	2967.0	305.0	456.0	226.0	279.0	754.0
alpha_rarefaction_18500_1.txt	18500	1	1120.0	606.0	2988.0	316.0	442.0	237.0	280.0	740.0
alpha_rarefaction_18500_2.txt	18500	2	1127.0	613.0	2981.0	309.0	443.0	235.0	285.0	744.0
alpha_rarefaction_18500_3.txt	18500	3	1130.0	608.0	3042.0	302.0	445.0	233.0	276.0	743.0
alpha_rarefaction_18500_4.txt	18500	4	1127.0	621.0	3011.0	305.0	453.0	238.0	275.0	737.0
alpha_rarefaction_18500_5.txt	18500	5	1128.0	596.0	2961.0	304.0	436.0	228.0	272.0	752.0
alpha_rarefaction_18500_6.txt	18500	6	1131.0	615.0	3024.0	321.0	447.0	242.0	279.0	757.0
alpha_rarefaction_18500_7.txt	18500	7	1135.0	613.0	2953.0	319.0	438.0	234.0	271.0	753.0
alpha_rarefaction_18500_8.txt	18500	8	1133.0	618.0	2975.0	309.0	438.0	228.0	288.0	737.0
alpha_rarefaction_18500_9.txt	18500	9	1116.0	611.0	2977.0	307.0	455.0	223.0	268.0	756.0
alpha_rarefaction_19500_0.txt	19500	0	1145.0	611.0	3013.0	310.0	453.0	234.0	278.0	772.0
alpha_rarefaction_19500_1.txt	19500	1	1153.0	613.0	3038.0	313.0	445.0	234.0	273.0	773.0
alpha_rarefaction_19500_2.txt	19500	2	1143.0	614.0	3067.0	313.0	446.0	237.0	280.0	752.0
alpha_rarefaction_19500_3.txt	19500	3	1136.0	625.0	3082.0	315.0	439.0	234.0	271.0	764.0
alpha_rarefaction_19500_4.txt	19500	4	1148.0	610.0	3055.0	306.0	459.0	241.0	275.0	771.0
alpha_rarefaction_19500_5.txt	19500	5	1137.0	623.0	3020.0	318.0	451.0	236.0	279.0	772.0
alpha_rarefaction_19500_6.txt	19500	6	1145.0	629.0	3070.0	316.0	457.0	236.0	281.0	767.0
alpha_rarefaction_19500_7.txt	19500	7	1134.0	619.0	3063.0	319.0	442.0	239.0	267.0	754.0
alpha_rarefaction_19500_8.txt	19500	8	1130.0	632.0	3092.0	309.0	455.0	237.0	270.0	759.0
alpha_rarefaction_19500_9.txt	19500	9	1138.0	625.0	3059.0	307.0	446.0	228.0	285.0	761.0
alpha_rarefaction_20500_0.txt	20500	0	1137.0	617.0	3071.0	320.0	454.0	237.0	276.0	776.0
alpha_rarefaction_20500_1.txt	20500	1	1141.0	617.0	3105.0	307.0	458.0	242.0	275.0	786.0
alpha_rarefaction_20500_2.txt	20500	2	1157.0	612.0	3095.0	320.0	468.0	239.0	275.0	785.0
alpha_rarefaction_20500_3.txt	20500	3	1132.0	622.0	3130.0	318.0	460.0	233.0	279.0	761.0
alpha_rarefaction_20500_4.txt	20500	4	1147.0	628.0	3102.0	316.0	454.0	243.0	270.0	767.0
alpha_rarefaction_20500_5.txt	20500	5	1152.0	615.0	3101.0	316.0	450.0	238.0	285.0	755.0
alpha_rarefaction_20500_6.txt	20500	6	1149.0	614.0	3121.0	315.0	452.0	238.0	285.0	769.0
alpha_rarefaction_20500_7.txt	20500	7	1145.0	622.0	3101.0	317.0	458.0	237.0	279.0	751.0
alpha_rarefaction_20500_8.txt	20500	8	1140.0	607.0	3064.0	313.0	449.0	240.0	272.0	760.0
alpha_rarefaction_20500_9.txt	20500	9	1117.0	623.0	3105.0	312.0	449.0	239.0	282.0	767.0
alpha_rarefaction_21500_0.txt	21500	0	1153.0	620.0	3155.0	315.0	449.0	239.0	290.0	795.0
alpha_rarefaction_21500_1.txt	21500	1	1165.0	625.0	3143.0	317.0	452.0	235.0	272.0	781.0
alpha_rarefaction_21500_2.txt	21500	2	1160.0	627.0	3166.0	314.0	459.0	239.0	295.0	781.0
alpha_rarefaction_21500_3.txt	21500	3	1166.0	633.0	3147.0	316.0	467.0	235.0	285.0	798.0
alpha_rarefaction_21500_4.txt	21500	4	1143.0	621.0	3150.0	320.0	464.0	243.0	293.0	767.0
alpha_rarefaction_21500_5.txt	21500	5	1169.0	619.0	3160.0	317.0	472.0	239.0	281.0	772.0
alpha_rarefaction_21500_6.txt	21500	6	1153.0	634.0	3157.0	316.0	461.0	243.0	272.0	792.0
alpha_rarefaction_21500_7.txt	21500	7	1142.0	631.0	3136.0	309.0	456.0	233.0	280.0	764.0
alpha_rarefaction_21500_8.txt	21500	8	1153.0	612.0	3173.0	315.0	460.0	235.0	285.0	764.0
alpha_rarefaction_21500_9.txt	21500	9	1153.0	626.0	3185.0	308.0	467.0	234.0	286.0	780.0
alpha_rarefaction_22500_0.txt	22500	0	1152.0	634.0	3202.0	312.0	469.0	241.0	298.0	793.0
alpha_rarefaction_22500_1.txt	22500	1	1153.0	642.0	3209.0	324.0	471.0	236.0	294.0	779.0
alpha_rarefaction_22500_2.txt	22500	2	1161.0	627.0	3189.0	313.0	459.0	243.0	287.0	796.0
alpha_rarefaction_22500_3.txt	22500	3	1157.0	650.0	3175.0	317.0	468.0	242.0	287.0	776.0
alpha_rarefaction_22500_4.txt	22500	4	1163.0	629.0	3235.0	320.0	458.0	246.0	291.0	790.0
alpha_rarefaction_22500_5.txt	22500	5	1159.0	630.0	3232.0	315.0	468.0	241.0	285.0	797.0
alpha_rarefaction_22500_6.txt	22500	6	1170.0	632.0	3220.0	314.0	461.0	242.0	287.0	783.0
alpha_rarefaction_22500_7.txt	22500	7	1166.0	631.0	3209.0	322.0	463.0	237.0	282.0	783.0
alpha_rarefaction_22500_8.txt	22500	8	1165.0	631.0	3187.0	323.0	468.0	237.0	273.0	785.0
alpha_rarefaction_22500_9.txt	22500	9	1172.0	634.0	3172.0	322.0	477.0	238.0	293.0	810.0
alpha_rarefaction_23500_0.txt	23500	0	1177.0	640.0	3269.0	324.0	474.0	235.0	288.0	806.0
alpha_rarefaction_23500_1.txt	23500	1	1169.0	635.0	3277.0	320.0	475.0	239.0	290.0	797.0
alpha_rarefaction_23500_2.txt	23500	2	1178.0	634.0	3232.0	313.0	476.0	241.0	272.0	800.0
alpha_rarefaction_23500_3.txt	23500	3	1171.0	639.0	3284.0	319.0	473.0	232.0	294.0	803.0
alpha_rarefaction_23500_4.txt	23500	4	1166.0	634.0	3234.0	332.0	472.0	244.0	289.0	790.0
alpha_rarefaction_23500_5.txt	23500	5	1163.0	640.0	3256.0	326.0	469.0	244.0	283.0	809.0
alpha_rarefaction_23500_6.txt	23500	6	1169.0	632.0	3206.0	319.0	460.0	244.0	280.0	792.0
alpha_rarefaction_23500_7.txt	23500	7	1155.0	636.0	3277.0	325.0	470.0	247.0	282.0	822.0
alpha_rarefaction_23500_8.txt	23500	8	1174.0	645.0	3251.0	316.0	469.0	239.0	286.0	797.0
alpha_rarefaction_23500_9.txt	23500	9	1179.0	634.0	3244.0	315.0	472.0	245.0	294.0	787.0
alpha_rarefaction_24500_0.txt	24500	0	1184.0	646.0	3289.0	315.0	461.0	246.0	300.0	799.0
alpha_rarefaction_24500_1.txt	24500	1	1184.0	643.0	3277.0	321.0	473.0	245.0	301.0	798.0
alpha_rarefaction_24500_2.txt	24500	2	1167.0	647.0	3292.0	319.0	461.0	241.0	297.0	793.0
alpha_rarefaction_24500_3.txt	24500	3	1164.0	633.0	3294.0	316.0	478.0	249.0	292.0	800.0
alpha_rarefaction_24500_4.txt	24500	4	1164.0	633.0	3289.0	316.0	472.0	242.0	295.0	800.0
alpha_rarefaction_24500_5.txt	24500	5	1174.0	650.0	3294.0	318.0	473.0	244.0	296.0	793.0
alpha_rarefaction_24500_6.txt	24500	6	1178.0	639.0	3326.0	322.0	488.0	243.0	289.0	805.0
alpha_rarefaction_24500_7.txt	24500	7	1174.0	643.0	3299.0	323.0	465.0	236.0	294.0	798.0
alpha_rarefaction_24500_8.txt	24500	8	1175.0	634.0	3323.0	326.0	474.0	245.0	293.0	794.0
alpha_rarefaction_24500_9.txt	24500	9	1170.0	640.0	3323.0	318.0	478.0	238.0	287.0	793.0
alpha_rarefaction_25500_0.txt	25500	0	1196.0	648.0	3379.0	319.0	468.0	241.0	311.0	802.0
alpha_rarefaction_25500_1.txt	25500	1	1186.0	651.0	3345.0	328.0	477.0	243.0	294.0	806.0
alpha_rarefaction_25500_2.txt	25500	2	1170.0	650.0	3336.0	315.0	490.0	243.0	304.0	834.0
alpha_rarefaction_25500_3.txt	25500	3	1178.0	644.0	3409.0	318.0	484.0	237.0	292.0	808.0
alpha_rarefaction_25500_4.txt	25500	4	1167.0	654.0	3326.0	313.0	473.0	239.0	280.0	806.0
alpha_rarefaction_25500_5.txt	25500	5	1177.0	643.0	3315.0	318.0	465.0	243.0	289.0	823.0
alpha_rarefaction_25500_6.txt	25500	6	1179.0	647.0	3344.0	325.0	485.0	243.0	291.0	804.0
alpha_rarefaction_25500_7.txt	25500	7	1182.0	648.0	3314.0	318.0	463.0	244.0	296.0	801.0
alpha_rarefaction_25500_8.txt	25500	8	1172.0	645.0	3300.0	319.0	490.0	243.0	288.0	791.0
alpha_rarefaction_25500_9.txt	25500	9	1169.0	637.0	3345.0	320.0	482.0	245.0	297.0	809.0
alpha_rarefaction_26500_0.txt	26500	0	1183.0	652.0	3447.0	322.0	484.0	245.0	299.0	814.0
alpha_rarefaction_26500_1.txt	26500	1	1184.0	650.0	3374.0	312.0	471.0	250.0	289.0	806.0
alpha_rarefaction_26500_2.txt	26500	2	1186.0	646.0	3402.0	316.0	485.0	242.0	299.0	818.0
alpha_rarefaction_26500_3.txt	26500	3	1185.0	646.0	3378.0	319.0	494.0	239.0	298.0	820.0
alpha_rarefaction_26500_4.txt	26500	4	1169.0	655.0	3370.0	321.0	478.0	244.0	297.0	816.0
alpha_rarefaction_26500_5.txt	26500	5	1179.0	650.0	3339.0	328.0	486.0	242.0	295.0	814.0
alpha_rarefaction_26500_6.txt	26500	6	1187.0	651.0	3390.0	326.0	466.0	239.0	291.0	827.0
alpha_rarefaction_26500_7.txt	26500	7	1181.0	637.0	3398.0	324.0	487.0	243.0	299.0	811.0
alpha_rarefaction_26500_8.txt	26500	8	1176.0	650.0	3381.0	324.0	469.0	238.0	298.0	824.0
alpha_rarefaction_26500_9.txt	26500	9	1177.0	650.0	3401.0	326.0	479.0	244.0	299.0	805.0
alpha_rarefaction_27500_0.txt	27500	0	1191.0	652.0	3419.0	318.0	483.0	233.0	298.0	809.0
alpha_rarefaction_27500_1.txt	27500	1	1190.0	666.0	3466.0	324.0	493.0	242.0	295.0	820.0
alpha_rarefaction_27500_2.txt	27500	2	1202.0	646.0	3410.0	319.0	477.0	254.0	307.0	842.0
alpha_rarefaction_27500_3.txt	27500	3	1168.0	653.0	3413.0	322.0	483.0	246.0	298.0	822.0
alpha_rarefaction_27500_4.txt	27500	4	1189.0	645.0	3440.0	323.0	482.0	244.0	293.0	825.0
alpha_rarefaction_27500_5.txt	27500	5	1185.0	651.0	3435.0	322.0	477.0	253.0	292.0	830.0
alpha_rarefaction_27500_6.txt	27500	6	1190.0	648.0	3433.0	329.0	485.0	240.0	287.0	819.0
alpha_rarefaction_27500_7.txt	27500	7	1176.0	642.0	3438.0	324.0	467.0	238.0	299.0	815.0
alpha_rarefaction_27500_8.txt	27500	8	1187.0	645.0	3429.0	333.0	477.0	241.0	293.0	827.0
alpha_rarefaction_27500_9.txt	27500	9	1177.0	660.0	3423.0	320.0	495.0	246.0	307.0	815.0
alpha_rarefaction_28500_0.txt	28500	0	1185.0	665.0	3459.0	324.0	476.0	243.0	292.0	834.0
alpha_rarefaction_28500_1.txt	28500	1	1183.0	661.0	3508.0	317.0	493.0	252.0	307.0	809.0
alpha_rarefaction_28500_2.txt	28500	2	1186.0	656.0	3456.0	320.0	489.0	247.0	311.0	820.0
alpha_rarefaction_28500_3.txt	28500	3	1199.0	649.0	3467.0	323.0	488.0	248.0	305.0	830.0
alpha_rarefaction_28500_4.txt	28500	4	1191.0	667.0	3502.0	326.0	491.0	244.0	297.0	826.0
alpha_rarefaction_28500_5.txt	28500	5	1193.0	648.0	3473.0	323.0	479.0	245.0	299.0	836.0
alpha_rarefaction_28500_6.txt	28500	6	1189.0	657.0	3455.0	320.0	481.0	245.0	301.0	848.0
alpha_rarefaction_28500_7.txt	28500	7	1189.0	667.0	3472.0	328.0	489.0	242.0	295.0	833.0
alpha_rarefaction_28500_8.txt	28500	8	1195.0	661.0	3505.0	316.0	486.0	245.0	302.0	815.0
alpha_rarefaction_28500_9.txt	28500	9	1192.0	652.0	3442.0	318.0	482.0	245.0	297.0	827.0
alpha_rarefaction_29500_0.txt	29500	0	1186.0	661.0	3514.0	321.0	489.0	249.0	301.0	831.0
alpha_rarefaction_29500_1.txt	29500	1	1192.0	662.0	3479.0	325.0	484.0	250.0	300.0	829.0
alpha_rarefaction_29500_2.txt	29500	2	1200.0	663.0	3515.0	318.0	493.0	251.0	306.0	850.0
alpha_rarefaction_29500_3.txt	29500	3	1181.0	664.0	3507.0	328.0	485.0	239.0	305.0	833.0
alpha_rarefaction_29500_4.txt	29500	4	1190.0	661.0	3531.0	327.0	485.0	247.0	305.0	855.0
alpha_rarefaction_29500_5.txt	29500	5	1195.0	649.0	3492.0	324.0	494.0	248.0	310.0	836.0
alpha_rarefaction_29500_6.txt	29500	6	1195.0	658.0	3537.0	326.0	490.0	249.0	299.0	836.0
alpha_rarefaction_29500_7.txt	29500	7	1195.0	652.0	3465.0	331.0	488.0	251.0	298.0	845.0
alpha_rarefaction_29500_8.txt	29500	8	1198.0	653.0	3500.0	325.0	489.0	246.0	306.0	838.0
alpha_rarefaction_29500_9.txt	29500	9	1191.0	663.0	3462.0	326.0	483.0	255.0	309.0	826.0
alpha_rarefaction_30500_0.txt	30500	0	1188.0	659.0	3509.0	330.0	486.0	250.0	299.0	833.0
alpha_rarefaction_30500_1.txt	30500	1	1208.0	661.0	3536.0	324.0	487.0	247.0	301.0	834.0
alpha_rarefaction_30500_2.txt	30500	2	1202.0	661.0	3547.0	326.0	481.0	256.0	311.0	839.0
alpha_rarefaction_30500_3.txt	30500	3	1205.0	667.0	3522.0	324.0	492.0	248.0	303.0	834.0
alpha_rarefaction_30500_4.txt	30500	4	1209.0	653.0	3538.0	337.0	490.0	252.0	308.0	843.0
alpha_rarefaction_30500_5.txt	30500	5	1206.0	671.0	3532.0	326.0	497.0	255.0	305.0	824.0
alpha_rarefaction_30500_6.txt	30500	6	1194.0	663.0	3539.0	322.0	488.0	243.0	302.0	848.0
alpha_rarefaction_30500_7.txt	30500	7	1207.0	668.0	3513.0	328.0	474.0	254.0	300.0	841.0
alpha_rarefaction_30500_8.txt	30500	8	1200.0	672.0	3519.0	332.0	486.0	251.0	305.0	828.0
alpha_rarefaction_30500_9.txt	30500	9	1199.0	663.0	3539.0	331.0	486.0	242.0	305.0	838.0
alpha_rarefaction_31500_0.txt	31500	0	1197.0	665.0	3550.0	328.0	481.0	246.0	301.0	855.0
alpha_rarefaction_31500_1.txt	31500	1	1197.0	666.0	3555.0	324.0	503.0	248.0	308.0	849.0
alpha_rarefaction_31500_2.txt	31500	2	1209.0	663.0	3563.0	325.0	482.0	245.0	308.0	846.0
alpha_rarefaction_31500_3.txt	31500	3	1196.0	655.0	3585.0	328.0	505.0	248.0	297.0	845.0
alpha_rarefaction_31500_4.txt	31500	4	1205.0	670.0	3567.0	327.0	487.0	250.0	313.0	849.0
alpha_rarefaction_31500_5.txt	31500	5	1210.0	670.0	3550.0	331.0	494.0	252.0	308.0	850.0
alpha_rarefaction_31500_6.txt	31500	6	1190.0	674.0	3525.0	324.0	500.0	243.0	313.0	829.0
alpha_rarefaction_31500_7.txt	31500	7	1198.0	668.0	3554.0	327.0	495.0	252.0	303.0	856.0
alpha_rarefaction_31500_8.txt	31500	8	1204.0	671.0	3564.0	327.0	488.0	255.0	299.0	847.0
alpha_rarefaction_31500_9.txt	31500	9	1213.0	671.0	3545.0	326.0	485.0	249.0	309.0	833.0
alpha_rarefaction_32500_0.txt	32500	0	1202.0	660.0	3570.0	330.0	495.0	252.0	308.0	855.0
alpha_rarefaction_32500_1.txt	32500	1	1198.0	666.0	3574.0	332.0	499.0	252.0	317.0	854.0
alpha_rarefaction_32500_2.txt	32500	2	1208.0	662.0	3573.0	326.0	502.0	248.0	310.0	850.0
alpha_rarefaction_32500_3.txt	32500	3	1216.0	668.0	3604.0	329.0	495.0	250.0	310.0	857.0
alpha_rarefaction_32500_4.txt	32500	4	1198.0	667.0	3588.0	332.0	491.0	248.0	315.0	846.0
alpha_rarefaction_32500_5.txt	32500	5	1215.0	667.0	3627.0	324.0	493.0	253.0	313.0	845.0
alpha_rarefaction_32500_6.txt	32500	6	1198.0	671.0	3578.0	325.0	504.0	247.0	303.0	870.0
alpha_rarefaction_32500_7.txt	32500	7	1206.0	655.0	3569.0	333.0	490.0	249.0	311.0	854.0
alpha_rarefaction_32500_8.txt	32500	8	1211.0	665.0	3579.0	327.0	498.0	257.0	314.0	849.0
alpha_rarefaction_32500_9.txt	32500	9	1195.0	675.0	3574.0	327.0	492.0	247.0	306.0	844.0
alpha_rarefaction_33500_0.txt	33500	0	1203.0	671.0	3603.0	335.0	492.0	256.0	309.0	857.0
alpha_rarefaction_33500_1.txt	33500	1	1217.0	669.0	3609.0	321.0	490.0	249.0	316.0	854.0
alpha_rarefaction_33500_2.txt	33500	2	1208.0	677.0	3643.0	332.0	496.0	254.0	305.0	851.0
alpha_rarefaction_33500_3.txt	33500	3	1209.0	670.0	3642.0	325.0	492.0	252.0	312.0	858.0
alpha_rarefaction_33500_4.txt	33500	4	1214.0	665.0	3569.0	325.0	500.0	248.0	310.0	877.0
alpha_rarefaction_33500_5.txt	33500	5	1211.0	679.0	3641.0	328.0	499.0	251.0	309.0	878.0
alpha_rarefaction_33500_6.txt	33500	6	1202.0	670.0	3635.0	327.0	497.0	254.0	309.0	865.0
alpha_rarefaction_33500_7.txt	33500	7	1207.0	666.0	3641.0	330.0	493.0	252.0	311.0	863.0
alpha_rarefaction_33500_8.txt	33500	8	1197.0	660.0	3582.0	333.0	496.0	256.0	308.0	856.0
alpha_rarefaction_33500_9.txt	33500	9	1204.0	675.0	3635.0	332.0	497.0	252.0	314.0	850.0
alpha_rarefaction_34500_0.txt	34500	0	1210.0	677.0	3657.0	329.0	496.0	255.0	314.0	867.0
alpha_rarefaction_34500_1.txt	34500	1	1212.0	690.0	3656.0	327.0	487.0	256.0	312.0	841.0
alpha_rarefaction_34500_2.txt	34500	2	1206.0	668.0	3641.0	332.0	495.0	254.0	313.0	848.0
alpha_rarefaction_34500_3.txt	34500	3	1194.0	675.0	3668.0	337.0	510.0	255.0	312.0	850.0
alpha_rarefaction_34500_4.txt	34500	4	1207.0	672.0	3664.0	332.0	490.0	259.0	304.0	858.0
alpha_rarefaction_34500_5.txt	34500	5	1209.0	677.0	3671.0	333.0	500.0	249.0	310.0	857.0
alpha_rarefaction_34500_6.txt	34500	6	1211.0	672.0	3661.0	331.0	497.0	249.0	314.0	864.0
alpha_rarefaction_34500_7.txt	34500	7	1211.0	674.0	3635.0	324.0	506.0	252.0	314.0	861.0
alpha_rarefaction_34500_8.txt	34500	8	1216.0	676.0	3662.0	330.0	499.0	261.0	313.0	878.0
alpha_rarefaction_34500_9.txt	34500	9	1208.0	679.0	3633.0	331.0	496.0	258.0	319.0	862.0
alpha_rarefaction_35500_0.txt	35500	0	1217.0	671.0	3723.0	326.0	500.0	255.0	313.0	857.0
alpha_rarefaction_35500_1.txt	35500	1	1206.0	678.0	3693.0	329.0	498.0	256.0	310.0	871.0
alpha_rarefaction_35500_2.txt	35500	2	1220.0	686.0	3689.0	332.0	502.0	250.0	313.0	869.0
alpha_rarefaction_35500_3.txt	35500	3	1216.0	671.0	3652.0	335.0	504.0	250.0	306.0	871.0
alpha_rarefaction_35500_4.txt	35500	4	1203.0	677.0	3675.0	337.0	508.0	255.0	311.0	879.0
alpha_rarefaction_35500_5.txt	35500	5	1214.0	678.0	3688.0	330.0	497.0	255.0	304.0	863.0
alpha_rarefaction_35500_6.txt	35500	6	1217.0	682.0	3679.0	330.0	508.0	247.0	313.0	870.0
alpha_rarefaction_35500_7.txt	35500	7	1220.0	673.0	3666.0	338.0	494.0	255.0	310.0	872.0
alpha_rarefaction_35500_8.txt	35500	8	1225.0	684.0	3648.0	332.0	514.0	253.0	318.0	876.0
alpha_rarefaction_35500_9.txt	35500	9	1217.0	679.0	3673.0	328.0	508.0	247.0	307.0	859.0
alpha_rarefaction_36500_0.txt	36500	0	1217.0	688.0	3658.0	335.0	510.0	249.0	314.0	881.0
alpha_rarefaction_36500_1.txt	36500	1	1223.0	681.0	3735.0	330.0	510.0	253.0	311.0	878.0
alpha_rarefaction_36500_2.txt	36500	2	1220.0	682.0	3696.0	337.0	501.0	253.0	320.0	871.0
alpha_rarefaction_36500_3.txt	36500	3	1219.0	680.0	3743.0	329.0	501.0	254.0	306.0	865.0
alpha_rarefaction_36500_4.txt	36500	4	1221.0	673.0	3710.0	338.0	499.0	254.0	310.0	874.0
alpha_rarefaction_36500_5.txt	36500	5	1224.0	679.0	3716.0	326.0	504.0	256.0	316.0	858.0
alpha_rarefaction_36500_6.txt	36500	6	1216.0	682.0	3691.0	332.0	506.0	259.0	313.0	876.0
alpha_rarefaction_36500_7.txt	36500	7	1218.0	689.0	3713.0	331.0	492.0	258.0	307.0	866.0
alpha_rarefaction_36500_8.txt	36500	8	1232.0	681.0	3652.0	337.0	503.0	260.0	314.0	876.0
alpha_rarefaction_36500_9.txt	36500	9	1218.0	677.0	3699.0	326.0	505.0	256.0	310.0	877.0
alpha_rarefaction_37500_0.txt	37500	0	1235.0	680.0	3752.0	334.0	501.0	260.0	313.0	867.0
alpha_rarefaction_37500_1.txt	37500	1	1219.0	684.0	3730.0	336.0	510.0	258.0	315.0	870.0
alpha_rarefaction_37500_2.txt	37500	2	1213.0	690.0	3757.0	337.0	509.0	258.0	313.0	866.0
alpha_rarefaction_37500_3.txt	37500	3	1231.0	672.0	3698.0	333.0	513.0	260.0	318.0	866.0
alpha_rarefaction_37500_4.txt	37500	4	1224.0	679.0	3736.0	337.0	501.0	250.0	312.0	867.0
alpha_rarefaction_37500_5.txt	37500	5	1218.0	676.0	3747.0	326.0	492.0	257.0	315.0	880.0
alpha_rarefaction_37500_6.txt	37500	6	1220.0	681.0	3749.0	337.0	504.0	253.0	319.0	874.0
alpha_rarefaction_37500_7.txt	37500	7	1224.0	686.0	3746.0	330.0	500.0	255.0	322.0	877.0
alpha_rarefaction_37500_8.txt	37500	8	1215.0	679.0	3755.0	336.0	515.0	259.0	307.0	860.0
alpha_rarefaction_37500_9.txt	37500	9	1228.0	683.0	3737.0	332.0	510.0	256.0	310.0	872.0
alpha_rarefaction_38500_0.txt	38500	0	1223.0	673.0	3729.0	336.0	503.0	253.0	311.0	870.0
alpha_rarefaction_38500_1.txt	38500	1	1227.0	675.0	3756.0	336.0	504.0	255.0	320.0	867.0
alpha_rarefaction_38500_2.txt	38500	2	1228.0	682.0	3792.0	337.0	519.0	255.0	319.0	872.0
alpha_rarefaction_38500_3.txt	38500	3	1226.0	686.0	3764.0	328.0	511.0	254.0	316.0	871.0
alpha_rarefaction_38500_4.txt	38500	4	1224.0	679.0	3748.0	337.0	514.0	256.0	310.0	897.0
alpha_rarefaction_38500_5.txt	38500	5	1209.0	680.0	3747.0	334.0	511.0	261.0	319.0	873.0
alpha_rarefaction_38500_6.txt	38500	6	1229.0	695.0	3757.0	329.0	517.0	247.0	308.0	891.0
alpha_rarefaction_38500_7.txt	38500	7	1228.0	676.0	3765.0	333.0	515.0	258.0	312.0	871.0
alpha_rarefaction_38500_8.txt	38500	8	1228.0	680.0	3755.0	332.0	509.0	252.0	324.0	871.0
alpha_rarefaction_38500_9.txt	38500	9	1224.0	683.0	3778.0	336.0	506.0	263.0	315.0	880.0
alpha_rarefaction_39500_0.txt	39500	0	1237.0	687.0	3778.0	333.0	510.0	250.0	319.0	878.0
alpha_rarefaction_39500_1.txt	39500	1	1220.0	688.0	3783.0	339.0	517.0	259.0	316.0	877.0
alpha_rarefaction_39500_2.txt	39500	2	1233.0	677.0	3756.0	329.0	515.0	258.0	321.0	889.0
alpha_rarefaction_39500_3.txt	39500	3	1228.0	682.0	3782.0	325.0	509.0	254.0	317.0	898.0
alpha_rarefaction_39500_4.txt	39500	4	1223.0	687.0	3794.0	341.0	512.0	255.0	319.0	884.0
alpha_rarefaction_39500_5.txt	39500	5	1230.0	681.0	3774.0	339.0	513.0	257.0	309.0	886.0
alpha_rarefaction_39500_6.txt	39500	6	1223.0	679.0	3762.0	336.0	512.0	257.0	316.0	885.0
alpha_rarefaction_39500_7.txt	39500	7	1230.0	679.0	3768.0	335.0	498.0	258.0	314.0	889.0
alpha_rarefaction_39500_8.txt	39500	8	1222.0	684.0	3780.0	334.0	510.0	260.0	312.0	878.0
alpha_rarefaction_39500_9.txt	39500	9	1228.0	678.0	3764.0	328.0	516.0	255.0	315.0	896.0
alpha_rarefaction_40500_0.txt	40500	0	1232.0	685.0	3769.0	331.0	500.0	256.0	318.0	891.0
alpha_rarefaction_40500_1.txt	40500	1	1229.0	693.0	3782.0	334.0	507.0	257.0	317.0	891.0
alpha_rarefaction_40500_2.txt	40500	2	1241.0	684.0	3766.0	335.0	514.0	257.0	321.0	890.0
alpha_rarefaction_40500_3.txt	40500	3	1225.0	697.0	3774.0	336.0	517.0	254.0	320.0	887.0
alpha_rarefaction_40500_4.txt	40500	4	1227.0	681.0	3780.0	329.0	525.0	246.0	322.0	903.0
alpha_rarefaction_40500_5.txt	40500	5	1226.0	688.0	3817.0	338.0	510.0	257.0	317.0	899.0
alpha_rarefaction_40500_6.txt	40500	6	1222.0	683.0	3772.0	335.0	524.0	261.0	322.0	893.0
alpha_rarefaction_40500_7.txt	40500	7	1225.0	692.0	3808.0	332.0	508.0	245.0	325.0	887.0
alpha_rarefaction_40500_8.txt	40500	8	1235.0	700.0	3781.0	333.0	526.0	250.0	318.0	896.0
alpha_rarefaction_40500_9.txt	40500	9	1220.0	678.0	3797.0	343.0	514.0	260.0	318.0	892.0
alpha_rarefaction_41500_0.txt	41500	0	1240.0	685.0	3792.0	332.0	521.0	257.0	325.0	901.0
alpha_rarefaction_41500_1.txt	41500	1	1228.0	684.0	3822.0	342.0	512.0	259.0	313.0	893.0
alpha_rarefaction_41500_2.txt	41500	2	1231.0	689.0	3805.0	330.0	519.0	258.0	323.0	876.0
alpha_rarefaction_41500_3.txt	41500	3	1228.0	674.0	3807.0	330.0	510.0	260.0	323.0	897.0
alpha_rarefaction_41500_4.txt	41500	4	1241.0	687.0	3810.0	334.0	516.0	260.0	329.0	898.0
alpha_rarefaction_41500_5.txt	41500	5	1227.0	683.0	3777.0	339.0	517.0	260.0	320.0	898.0
alpha_rarefaction_41500_6.txt	41500	6	1235.0	686.0	3827.0	340.0	509.0	256.0	320.0	904.0
alpha_rarefaction_41500_7.txt	41500	7	1240.0	694.0	3804.0	341.0	514.0	257.0	322.0	901.0
alpha_rarefaction_41500_8.txt	41500	8	1237.0	687.0	3823.0	337.0	506.0	260.0	314.0	903.0
alpha_rarefaction_41500_9.txt	41500	9	1224.0	691.0	3807.0	340.0	518.0	261.0	323.0	882.0
alpha_rarefaction_42500_0.txt	42500	0	1221.0	693.0	3852.0	341.0	516.0	260.0	316.0	903.0
alpha_rarefaction_42500_1.txt	42500	1	1237.0	688.0	3837.0	338.0	502.0	259.0	323.0	891.0
alpha_rarefaction_42500_2.txt	42500	2	1236.0	683.0	3819.0	334.0	515.0	261.0	331.0	912.0
alpha_rarefaction_42500_3.txt	42500	3	1233.0	695.0	3840.0	332.0	508.0	261.0	324.0	899.0
alpha_rarefaction_42500_4.txt	42500	4	1232.0	692.0	3807.0	343.0	521.0	255.0	325.0	894.0
alpha_rarefaction_42500_5.txt	42500	5	1237.0	695.0	3855.0	338.0	515.0	259.0	320.0	881.0
alpha_rarefaction_42500_6.txt	42500	6	1232.0	699.0	3839.0	339.0	517.0	257.0	326.0	884.0
alpha_rarefaction_42500_7.txt	42500	7	1231.0	689.0	3817.0	336.0	517.0	260.0	322.0	896.0
alpha_rarefaction_42500_8.txt	42500	8	1234.0	683.0	3828.0	340.0	527.0	260.0	318.0	893.0
alpha_rarefaction_42500_9.txt	42500	9	1242.0	688.0	3824.0	333.0	510.0	262.0	315.0	900.0
alpha_rarefaction_43500_0.txt	43500	0	1236.0	688.0	3846.0	328.0	522.0	257.0	320.0	898.0
alpha_rarefaction_43500_1.txt	43500	1	1237.0	687.0	3854.0	337.0	528.0	259.0	325.0	897.0
alpha_rarefaction_43500_2.txt	43500	2	1239.0	694.0	3884.0	336.0	525.0	259.0	327.0	899.0
alpha_rarefaction_43500_3.txt	43500	3	1230.0	688.0	3877.0	337.0	530.0	259.0	327.0	895.0
alpha_rarefaction_43500_4.txt	43500	4	1238.0	692.0	3869.0	340.0	507.0	256.0	322.0	891.0
alpha_rarefaction_43500_5.txt	43500	5	1241.0	694.0	3837.0	336.0	510.0	259.0	324.0	895.0
alpha_rarefaction_43500_6.txt	43500	6	1247.0	697.0	3849.0	347.0	540.0	254.0	324.0	905.0
alpha_rarefaction_43500_7.txt	43500	7	1234.0	685.0	3858.0	330.0	508.0	266.0	331.0	894.0
alpha_rarefaction_43500_8.txt	43500	8	1241.0	694.0	3872.0	338.0	521.0	261.0	328.0	884.0
alpha_rarefaction_43500_9.txt	43500	9	1227.0	690.0	3834.0	334.0	514.0	260.0	328.0	896.0
alpha_rarefaction_44500_0.txt	44500	0	1244.0	695.0	3872.0	347.0	507.0	259.0	324.0	901.0
alpha_rarefaction_44500_1.txt	44500	1	1236.0	688.0	3895.0	335.0	525.0	263.0	329.0	901.0
alpha_rarefaction_44500_2.txt	44500	2	1230.0	686.0	3890.0	343.0	517.0	259.0	330.0	902.0
alpha_rarefaction_44500_3.txt	44500	3	1234.0	691.0	3892.0	336.0	528.0	254.0	324.0	898.0
alpha_rarefaction_44500_4.txt	44500	4	1230.0	681.0	3883.0	338.0	527.0	262.0	328.0	907.0
alpha_rarefaction_44500_5.txt	44500	5	1237.0	691.0	3876.0	339.0	523.0	257.0	318.0	900.0
alpha_rarefaction_44500_6.txt	44500	6	1236.0	687.0	3873.0	340.0	513.0	259.0	322.0	898.0
alpha_rarefaction_44500_7.txt	44500	7	1232.0	689.0	3866.0	341.0	521.0	264.0	317.0	889.0
alpha_rarefaction_44500_8.txt	44500	8	1233.0	697.0	3856.0	338.0	510.0	258.0	324.0	903.0
alpha_rarefaction_44500_9.txt	44500	9	1231.0	688.0	3879.0	344.0	526.0	262.0	321.0	900.0
alpha_rarefaction_45500_0.txt	45500	0	1240.0	699.0	3874.0	334.0	529.0	260.0	330.0	898.0
alpha_rarefaction_45500_1.txt	45500	1	1242.0	697.0	3912.0	343.0	517.0	262.0	324.0	896.0
alpha_rarefaction_45500_2.txt	45500	2	1234.0	700.0	3899.0	342.0	527.0	254.0	318.0	899.0
alpha_rarefaction_45500_3.txt	45500	3	1241.0	697.0	3909.0	336.0	525.0	265.0	326.0	910.0
alpha_rarefaction_45500_4.txt	45500	4	1233.0	708.0	3920.0	344.0	521.0	260.0	328.0	906.0
alpha_rarefaction_45500_5.txt	45500	5	1248.0	687.0	3888.0	341.0	521.0	263.0	317.0	904.0
alpha_rarefaction_45500_6.txt	45500	6	1241.0	697.0	3872.0	347.0	530.0	262.0	334.0	899.0
alpha_rarefaction_45500_7.txt	45500	7	1244.0	698.0	3902.0	343.0	522.0	260.0	332.0	899.0
alpha_rarefaction_45500_8.txt	45500	8	1235.0	703.0	3897.0	345.0	517.0	261.0	321.0	909.0
alpha_rarefaction_45500_9.txt	45500	9	1246.0	691.0	3902.0	335.0	523.0	261.0	316.0	905.0
alpha_rarefaction_46500_0.txt	46500	0	1240.0	697.0	3899.0	342.0	525.0	261.0	323.0	910.0
alpha_rarefaction_46500_1.txt	46500	1	1241.0	691.0	3930.0	338.0	524.0	262.0	326.0	918.0
alpha_rarefaction_46500_2.txt	46500	2	1249.0	703.0	3899.0	346.0	513.0	262.0	329.0	916.0
alpha_rarefaction_46500_3.txt	46500	3	1235.0	697.0	3898.0	345.0	527.0	265.0	327.0	908.0
alpha_rarefaction_46500_4.txt	46500	4	1238.0	687.0	3896.0	337.0	524.0	260.0	333.0	913.0
alpha_rarefaction_46500_5.txt	46500	5	1252.0	692.0	3917.0	345.0	526.0	264.0	327.0	921.0
alpha_rarefaction_46500_6.txt	46500	6	1244.0	695.0	3908.0	342.0	544.0	259.0	329.0	913.0
alpha_rarefaction_46500_7.txt	46500	7	1241.0	694.0	3905.0	333.0	533.0	263.0	326.0	914.0
alpha_rarefaction_46500_8.txt	46500	8	1240.0	691.0	3942.0	342.0	532.0	263.0	329.0	902.0
alpha_rarefaction_46500_9.txt	46500	9	1245.0	703.0	3930.0	347.0	531.0	254.0	321.0	898.0
alpha_rarefaction_47500_0.txt	47500	0	1240.0	703.0	3930.0	347.0	522.0	256.0	324.0	923.0
alpha_rarefaction_47500_1.txt	47500	1	1238.0	696.0	3911.0	347.0	530.0	267.0	328.0	915.0
alpha_rarefaction_47500_2.txt	47500	2	1244.0	690.0	3911.0	337.0	524.0	262.0	323.0	907.0
alpha_rarefaction_47500_3.txt	47500	3	1244.0	697.0	3918.0	344.0	528.0	263.0	326.0	910.0
alpha_rarefaction_47500_4.txt	47500	4	1238.0	698.0	3934.0	343.0	541.0	264.0	330.0	916.0
alpha_rarefaction_47500_5.txt	47500	5	1246.0	690.0	3931.0	343.0	523.0	262.0	330.0	906.0
alpha_rarefaction_47500_6.txt	47500	6	1242.0	696.0	3931.0	338.0	517.0	265.0	331.0	917.0
alpha_rarefaction_47500_7.txt	47500	7	1232.0	696.0	3935.0	346.0	530.0	261.0	332.0	925.0
alpha_rarefaction_47500_8.txt	47500	8	1242.0	697.0	3909.0	338.0	523.0	260.0	325.0	918.0
alpha_rarefaction_47500_9.txt	47500	9	1253.0	697.0	3900.0	342.0	535.0	262.0	326.0	918.0
alpha_rarefaction_48500_0.txt	48500	0	1232.0	703.0	3954.0	336.0	520.0	265.0	333.0	930.0
alpha_rarefaction_48500_1.txt	48500	1	1247.0	697.0	3925.0	342.0	526.0	261.0	326.0	928.0
alpha_rarefaction_48500_2.txt	48500	2	1243.0	699.0	3961.0	339.0	530.0	259.0	330.0	912.0
alpha_rarefaction_48500_3.txt	48500	3	1249.0	698.0	3917.0	342.0	534.0	260.0	321.0	908.0
alpha_rarefaction_48500_4.txt	48500	4	1240.0	698.0	3936.0	342.0	519.0	262.0	329.0	910.0
alpha_rarefaction_48500_5.txt	48500	5	1248.0	694.0	3945.0	345.0	522.0	266.0	326.0	925.0
alpha_rarefaction_48500_6.txt	48500	6	1238.0	706.0	3933.0	345.0	525.0	267.0	330.0	920.0
alpha_rarefaction_48500_7.txt	48500	7	1245.0	697.0	3952.0	347.0	534.0	262.0	332.0	940.0
alpha_rarefaction_48500_8.txt	48500	8	1251.0	691.0	3921.0	342.0	525.0	267.0	323.0	909.0
alpha_rarefaction_48500_9.txt	48500	9	1247.0	699.0	3927.0	348.0	529.0	259.0	327.0	914.0
alpha_rarefaction_49500_0.txt	49500	0	1239.0	700.0	3957.0	344.0	535.0	259.0	331.0	910.0
alpha_rarefaction_49500_1.txt	49500	1	1245.0	703.0	3969.0	348.0	530.0	264.0	328.0	917.0
alpha_rarefaction_49500_2.txt	49500	2	1247.0	691.0	3955.0	340.0	516.0	261.0	332.0	933.0
alpha_rarefaction_49500_3.txt	49500	3	1254.0	703.0	3933.0	345.0	527.0	270.0	328.0	913.0
alpha_rarefaction_49500_4.txt	49500	4	1255.0	695.0	3948.0	338.0	531.0	268.0	331.0	917.0
alpha_rarefaction_49500_5.txt	49500	5	1245.0	707.0	3952.0	343.0	511.0	262.0	327.0	914.0
alpha_rarefaction_49500_6.txt	49500	6	1247.0	706.0	3970.0	342.0	535.0	263.0	329.0	919.0
alpha_rarefaction_49500_7.txt	49500	7	1252.0	704.0	3965.0	341.0	526.0	260.0	321.0	915.0
alpha_rarefaction_49500_8.txt	49500	8	1253.0	702.0	3949.0	349.0	526.0	268.0	323.0	918.0
alpha_rarefaction_49500_9.txt	49500	9	1245.0	704.0	3929.0	338.0	524.0	263.0	330.0	925.0
alpha_rarefaction_50500_0.txt	50500	0	1244.0	699.0	3988.0	341.0	525.0	263.0	329.0	937.0
alpha_rarefaction_50500_1.txt	50500	1	1243.0	696.0	3955.0	349.0	542.0	262.0	332.0	929.0
alpha_rarefaction_50500_2.txt	50500	2	1234.0	698.0	3962.0	347.0	533.0	263.0	329.0	921.0
alpha_rarefaction_50500_3.txt	50500	3	1257.0	697.0	3961.0	345.0	527.0	263.0	336.0	917.0
alpha_rarefaction_50500_4.txt	50500	4	1245.0	704.0	3968.0	344.0	529.0	261.0	330.0	923.0
alpha_rarefaction_50500_5.txt	50500	5	1248.0	694.0	3977.0	345.0	536.0	266.0	327.0	921.0
alpha_rarefaction_50500_6.txt	50500	6	1256.0	703.0	3968.0	349.0	537.0	269.0	334.0	925.0
alpha_rarefaction_50500_7.txt	50500	7	1254.0	700.0	3974.0	348.0	532.0	258.0	333.0	923.0
alpha_rarefaction_50500_8.txt	50500	8	1246.0	706.0	3969.0	340.0	524.0	267.0	326.0	911.0
alpha_rarefaction_50500_9.txt	50500	9	1252.0	702.0	3971.0	345.0	527.0	262.0	331.0	932.0
alpha_rarefaction_51500_0.txt	51500	0	1250.0	704.0	3968.0	345.0	529.0	259.0	332.0	920.0
alpha_rarefaction_51500_1.txt	51500	1	1252.0	707.0	3971.0	347.0	538.0	261.0	332.0	924.0
alpha_rarefaction_51500_2.txt	51500	2	1248.0	709.0	3985.0	341.0	537.0	268.0	329.0	922.0
alpha_rarefaction_51500_3.txt	51500	3	1242.0	700.0	3986.0	341.0	524.0	264.0	334.0	938.0
alpha_rarefaction_51500_4.txt	51500	4	1253.0	695.0	3969.0	352.0	537.0	266.0	335.0	933.0
alpha_rarefaction_51500_5.txt	51500	5	1248.0	700.0	3985.0	346.0	533.0	265.0	329.0	933.0
alpha_rarefaction_51500_6.txt	51500	6	1253.0	708.0	3972.0	345.0	547.0	265.0	333.0	924.0
alpha_rarefaction_51500_7.txt	51500	7	1249.0	702.0	3978.0	348.0	539.0	262.0	333.0	933.0
alpha_rarefaction_51500_8.txt	51500	8	1245.0	706.0	3981.0	347.0	532.0	267.0	333.0	933.0
alpha_rarefaction_51500_9.txt	51500	9	1254.0	699.0	3981.0	344.0	528.0	263.0	332.0	920.0
alpha_rarefaction_52500_0.txt	52500	0	1256.0	706.0	4010.0	342.0	536.0	264.0	333.0	932.0
alpha_rarefaction_52500_1.txt	52500	1	1249.0	704.0	3974.0	340.0	521.0	268.0	329.0	918.0
alpha_rarefaction_52500_2.txt	52500	2	1245.0	709.0	3988.0	350.0	534.0	270.0	329.0	928.0
alpha_rarefaction_52500_3.txt	52500	3	1240.0	701.0	3979.0	349.0	535.0	267.0	333.0	929.0
alpha_rarefaction_52500_4.txt	52500	4	1259.0	704.0	3987.0	348.0	527.0	259.0	337.0	927.0
alpha_rarefaction_52500_5.txt	52500	5	1256.0	703.0	3990.0	349.0	541.0	265.0	331.0	922.0
alpha_rarefaction_52500_6.txt	52500	6	1249.0	699.0	3988.0	347.0	548.0	268.0	329.0	923.0
alpha_rarefaction_52500_7.txt	52500	7	1251.0	713.0	4004.0	345.0	541.0	264.0	332.0	922.0
alpha_rarefaction_52500_8.txt	52500	8	1245.0	700.0	3983.0	351.0	541.0	268.0	329.0	935.0
alpha_rarefaction_52500_9.txt	52500	9	1252.0	708.0	3998.0	346.0	534.0	264.0	332.0	923.0
alpha_rarefaction_53500_0.txt	53500	0	1256.0	702.0	4013.0	350.0	525.0	267.0	331.0	943.0
alpha_rarefaction_53500_1.txt	53500	1	1252.0	704.0	4001.0	352.0	529.0	266.0	336.0	929.0
alpha_rarefaction_53500_2.txt	53500	2	1252.0	701.0	4000.0	348.0	532.0	271.0	337.0	943.0
alpha_rarefaction_53500_3.txt	53500	3	1249.0	704.0	4015.0	347.0	537.0	269.0	336.0	930.0
alpha_rarefaction_53500_4.txt	53500	4	1256.0	708.0	3996.0	353.0	535.0	270.0	334.0	918.0
alpha_rarefaction_53500_5.txt	53500	5	1250.0	708.0	4025.0	345.0	541.0	264.0	333.0	918.0
alpha_rarefaction_53500_6.txt	53500	6	1245.0	706.0	4000.0	340.0	532.0	266.0	334.0	941.0
alpha_rarefaction_53500_7.txt	53500	7	1252.0	705.0	4013.0	347.0	537.0	265.0	333.0	936.0
alpha_rarefaction_53500_8.txt	53500	8	1249.0	709.0	4014.0	349.0	543.0	262.0	330.0	931.0
alpha_rarefaction_53500_9.txt	53500	9	1257.0	710.0	3972.0	338.0	536.0	262.0	332.0	929.0
alpha_rarefaction_54500_0.txt	54500	0	1241.0	712.0	4029.0	341.0	538.0	264.0	330.0	932.0
alpha_rarefaction_54500_1.txt	54500	1	1256.0	706.0	4012.0	344.0	532.0	266.0	328.0	941.0
alpha_rarefaction_54500_2.txt	54500	2	1256.0	712.0	4022.0	339.0	535.0	267.0	330.0	929.0
alpha_rarefaction_54500_3.txt	54500	3	1256.0	706.0	4020.0	346.0	540.0	265.0	332.0	935.0
alpha_rarefaction_54500_4.txt	54500	4	1254.0	698.0	4009.0	348.0	538.0	271.0	338.0	932.0
alpha_rarefaction_54500_5.txt	54500	5	1249.0	702.0	4028.0	350.0	548.0	267.0	338.0	931.0
alpha_rarefaction_54500_6.txt	54500	6	1258.0	699.0	4016.0	349.0	550.0	269.0	331.0	926.0
alpha_rarefaction_54500_7.txt	54500	7	1250.0	710.0	4020.0	351.0	531.0	266.0	340.0	932.0
alpha_rarefaction_54500_8.txt	54500	8	1251.0	702.0	4012.0	341.0	547.0	263.0	332.0	927.0
alpha_rarefaction_54500_9.txt	54500	9	1255.0	707.0	4014.0	351.0	531.0	266.0	335.0	931.0
alpha_rarefaction_55500_0.txt	55500	0	1255.0	707.0	4033.0	347.0	539.0	269.0	332.0	932.0
alpha_rarefaction_55500_1.txt	55500	1	1262.0	701.0	4028.0	346.0	534.0	263.0	332.0	933.0
alpha_rarefaction_55500_2.txt	55500	2	1254.0	702.0	4008.0	353.0	533.0	268.0	336.0	940.0
alpha_rarefaction_55500_3.txt	55500	3	1245.0	708.0	4050.0	350.0	534.0	269.0	329.0	940.0
alpha_rarefaction_55500_4.txt	55500	4	1257.0	705.0	4038.0	348.0	538.0	264.0	337.0	931.0
alpha_rarefaction_55500_5.txt	55500	5	1256.0	707.0	4038.0	352.0	527.0	263.0	332.0	940.0
alpha_rarefaction_55500_6.txt	55500	6	1258.0	706.0	4033.0	342.0	541.0	266.0	333.0	933.0
alpha_rarefaction_55500_7.txt	55500	7	1249.0	707.0	4039.0	348.0	544.0	267.0	331.0	942.0
alpha_rarefaction_55500_8.txt	55500	8	1261.0	710.0	4016.0	349.0	534.0	269.0	334.0	946.0
alpha_rarefaction_55500_9.txt	55500	9	1260.0	706.0	4046.0	343.0	545.0	266.0	332.0	934.0
alpha_rarefaction_56500_0.txt	56500	0	1254.0	709.0	4051.0	345.0	543.0	264.0	338.0	942.0
alpha_rarefaction_56500_1.txt	56500	1	1256.0	711.0	4047.0	347.0	546.0	270.0	333.0	930.0
alpha_rarefaction_56500_2.txt	56500	2	1256.0	710.0	4033.0	346.0	551.0	273.0	336.0	938.0
alpha_rarefaction_56500_3.txt	56500	3	1245.0	703.0	4042.0	346.0	539.0	269.0	334.0	936.0
alpha_rarefaction_56500_4.txt	56500	4	1259.0	703.0	4047.0	347.0	540.0	264.0	336.0	937.0
alpha_rarefaction_56500_5.txt	56500	5	1251.0	712.0	4009.0	351.0	543.0	264.0	335.0	941.0
alpha_rarefaction_56500_6.txt	56500	6	1252.0	710.0	4058.0	352.0	546.0	271.0	336.0	933.0
alpha_rarefaction_56500_7.txt	56500	7	1259.0	711.0	4039.0	349.0	529.0	267.0	335.0	925.0
alpha_rarefaction_56500_8.txt	56500	8	1253.0	711.0	4049.0	349.0	543.0	266.0	338.0	941.0
alpha_rarefaction_56500_9.txt	56500	9	1257.0	716.0	4047.0	350.0	543.0	267.0	343.0	937.0
alpha_rarefaction_57500_0.txt	57500	0	1251.0	712.0	4047.0	344.0	550.0	269.0	331.0	938.0
alpha_rarefaction_57500_1.txt	57500	1	1261.0	713.0	4044.0	349.0	554.0	264.0	338.0	942.0
alpha_rarefaction_57500_2.txt	57500	2	1255.0	705.0	4061.0	350.0	536.0	270.0	336.0	955.0
alpha_rarefaction_57500_3.txt	57500	3	1254.0	708.0	4047.0	349.0	536.0	262.0	329.0	938.0
alpha_rarefaction_57500_4.txt	57500	4	1255.0	709.0	4049.0	348.0	543.0	264.0	341.0	942.0
alpha_rarefaction_57500_5.txt	57500	5	1262.0	713.0	4052.0	350.0	544.0	271.0	335.0	949.0
alpha_rarefaction_57500_6.txt	57500	6	1254.0	717.0	4037.0	352.0	549.0	269.0	340.0	940.0
alpha_rarefaction_57500_7.txt	57500	7	1255.0	710.0	4031.0	350.0	543.0	267.0	337.0	936.0
alpha_rarefaction_57500_8.txt	57500	8	1255.0	709.0	4046.0	344.0	539.0	264.0	335.0	943.0
alpha_rarefaction_57500_9.txt	57500	9	1256.0	707.0	4062.0	352.0	533.0	264.0	338.0	936.0
alpha_rarefaction_58500_0.txt	58500	0	1259.0	712.0	4055.0	348.0	547.0	269.0	341.0	943.0
alpha_rarefaction_58500_1.txt	58500	1	1254.0	708.0	4052.0	352.0	548.0	270.0	340.0	940.0
alpha_rarefaction_58500_2.txt	58500	2	1260.0	711.0	4070.0	352.0	544.0	268.0	339.0	938.0
alpha_rarefaction_58500_3.txt	58500	3	1253.0	713.0	4073.0	357.0	543.0	268.0	334.0	957.0
alpha_rarefaction_58500_4.txt	58500	4	1262.0	713.0	4041.0	350.0	546.0	269.0	339.0	936.0
alpha_rarefaction_58500_5.txt	58500	5	1258.0	707.0	4046.0	347.0	550.0	267.0	336.0	948.0
alpha_rarefaction_58500_6.txt	58500	6	1257.0	710.0	4058.0	350.0	548.0	272.0	339.0	945.0
alpha_rarefaction_58500_7.txt	58500	7	1261.0	708.0	4074.0	353.0	553.0	266.0	336.0	952.0
alpha_rarefaction_58500_8.txt	58500	8	1259.0	721.0	4043.0	354.0	546.0	270.0	335.0	934.0
alpha_rarefaction_58500_9.txt	58500	9	1262.0	716.0	4050.0	354.0	536.0	270.0	334.0	940.0
alpha_rarefaction_59500_0.txt	59500	0	1264.0	715.0	4064.0	353.0	545.0	273.0	340.0	948.0
alpha_rarefaction_59500_1.txt	59500	1	1256.0	712.0	4061.0	350.0	555.0	269.0	337.0	944.0
alpha_rarefaction_59500_2.txt	59500	2	1260.0	714.0	4057.0	348.0	545.0	270.0	332.0	946.0
alpha_rarefaction_59500_3.txt	59500	3	1262.0	709.0	4073.0	352.0	542.0	272.0	338.0	946.0
alpha_rarefaction_59500_4.txt	59500	4	1254.0	709.0	4069.0	353.0	542.0	271.0	341.0	934.0
alpha_rarefaction_59500_5.txt	59500	5	1252.0	707.0	4069.0	353.0	529.0	270.0	335.0	950.0
alpha_rarefaction_59500_6.txt	59500	6	1254.0	721.0	4070.0	349.0	542.0	271.0	341.0	939.0
alpha_rarefaction_59500_7.txt	59500	7	1262.0	713.0	4070.0	351.0	541.0	267.0	339.0	941.0
alpha_rarefaction_59500_8.txt	59500	8	1264.0	711.0	4082.0	350.0	535.0	269.0	338.0	946.0
alpha_rarefaction_59500_9.txt	59500	9	1262.0	716.0	4057.0	351.0	554.0	271.0	339.0	939.0
alpha_rarefaction_60500_0.txt	60500	0	1257.0	717.0	4081.0	353.0	549.0	268.0	341.0	944.0
alpha_rarefaction_60500_1.txt	60500	1	1264.0	705.0	4071.0	351.0	541.0	268.0	339.0	941.0
alpha_rarefaction_60500_2.txt	60500	2	1257.0	715.0	4086.0	349.0	549.0	271.0	336.0	950.0
alpha_rarefaction_60500_3.txt	60500	3	1258.0	711.0	4082.0	349.0	545.0	272.0	336.0	950.0
alpha_rarefaction_60500_4.txt	60500	4	1262.0	712.0	4076.0	350.0	546.0	270.0	338.0	946.0
alpha_rarefaction_60500_5.txt	60500	5	1264.0	714.0	4072.0	354.0	547.0	270.0	339.0	950.0
alpha_rarefaction_60500_6.txt	60500	6	1258.0	717.0	4096.0	349.0	545.0	270.0	336.0	949.0
alpha_rarefaction_60500_7.txt	60500	7	1266.0	710.0	4084.0	352.0	550.0	270.0	336.0	943.0
alpha_rarefaction_60500_8.txt	60500	8	1257.0	712.0	4083.0	348.0	548.0	268.0	337.0	957.0
alpha_rarefaction_60500_9.txt	60500	9	1252.0	717.0	4097.0	355.0	550.0	272.0	338.0	948.0
alpha_rarefaction_61500_0.txt	61500	0	1258.0	714.0	4071.0	349.0	546.0	271.0	341.0	958.0
alpha_rarefaction_61500_1.txt	61500	1	1262.0	712.0	4099.0	350.0	545.0	272.0	340.0	960.0
alpha_rarefaction_61500_2.txt	61500	2	1260.0	716.0	4094.0	353.0	559.0	271.0	341.0	945.0
alpha_rarefaction_61500_3.txt	61500	3	1257.0	713.0	4098.0	353.0	549.0	270.0	340.0	949.0
alpha_rarefaction_61500_4.txt	61500	4	1259.0	705.0	4084.0	353.0	549.0	270.0	342.0	954.0
alpha_rarefaction_61500_5.txt	61500	5	1259.0	716.0	4085.0	358.0	539.0	268.0	341.0	948.0
alpha_rarefaction_61500_6.txt	61500	6	1258.0	716.0	4089.0	353.0	552.0	270.0	339.0	951.0
alpha_rarefaction_61500_7.txt	61500	7	1260.0	712.0	4101.0	351.0	540.0	270.0	340.0	955.0
alpha_rarefaction_61500_8.txt	61500	8	1251.0	710.0	4087.0	348.0	549.0	271.0	341.0	942.0
alpha_rarefaction_61500_9.txt	61500	9	1256.0	711.0	4091.0	354.0	547.0	266.0	341.0	945.0
alpha_rarefaction_62500_0.txt	62500	0	1256.0	714.0	4084.0	350.0	555.0	272.0	342.0	956.0
alpha_rarefaction_62500_1.txt	62500	1	1265.0	715.0	4091.0	350.0	545.0	267.0	338.0	937.0
alpha_rarefaction_62500_2.txt	62500	2	1263.0	713.0	4079.0	353.0	541.0	273.0	342.0	957.0
alpha_rarefaction_62500_3.txt	62500	3	1267.0	725.0	4097.0	356.0	548.0	273.0	339.0	942.0
alpha_rarefaction_62500_4.txt	62500	4	1267.0	716.0	4094.0	349.0	551.0	272.0	344.0	947.0
alpha_rarefaction_62500_5.txt	62500	5	1263.0	710.0	4089.0	350.0	553.0	271.0	339.0	956.0
alpha_rarefaction_62500_6.txt	62500	6	1255.0	715.0	4094.0	352.0	552.0	271.0	343.0	952.0
alpha_rarefaction_62500_7.txt	62500	7	1262.0	707.0	4104.0	356.0	543.0	268.0	341.0	951.0
alpha_rarefaction_62500_8.txt	62500	8	1260.0	708.0	4093.0	353.0	542.0	270.0	340.0	945.0
alpha_rarefaction_62500_9.txt	62500	9	1260.0	718.0	4086.0	350.0	544.0	272.0	336.0	948.0
alpha_rarefaction_63500_0.txt	63500	0	1260.0	720.0	4109.0	353.0	556.0	271.0	344.0	953.0
alpha_rarefaction_63500_1.txt	63500	1	1263.0	717.0	4099.0	352.0	553.0	271.0	339.0	947.0
alpha_rarefaction_63500_2.txt	63500	2	1268.0	710.0	4100.0	356.0	543.0	275.0	337.0	940.0
alpha_rarefaction_63500_3.txt	63500	3	1256.0	716.0	4107.0	350.0	552.0	272.0	344.0	956.0
alpha_rarefaction_63500_4.txt	63500	4	1267.0	715.0	4091.0	354.0	548.0	270.0	339.0	967.0
alpha_rarefaction_63500_5.txt	63500	5	1265.0	721.0	4103.0	352.0	550.0	271.0	340.0	943.0
alpha_rarefaction_63500_6.txt	63500	6	1260.0	723.0	4094.0	354.0	554.0	272.0	341.0	956.0
alpha_rarefaction_63500_7.txt	63500	7	1262.0	719.0	4084.0	354.0	557.0	270.0	343.0	960.0
alpha_rarefaction_63500_8.txt	63500	8	1262.0	717.0	4109.0	351.0	543.0	271.0	339.0	958.0
alpha_rarefaction_63500_9.txt	63500	9	1267.0	713.0	4100.0	356.0	548.0	273.0	338.0	946.0
alpha_rarefaction_64500_0.txt	64500	0	1265.0	720.0	4109.0	356.0	554.0	270.0	343.0	949.0
alpha_rarefaction_64500_1.txt	64500	1	1267.0	716.0	4108.0	355.0	549.0	266.0	343.0	952.0
alpha_rarefaction_64500_2.txt	64500	2	1262.0	719.0	4113.0	354.0	547.0	274.0	338.0	947.0
alpha_rarefaction_64500_3.txt	64500	3	1257.0	711.0	4117.0	353.0	542.0	272.0	342.0	945.0
alpha_rarefaction_64500_4.txt	64500	4	1269.0	718.0	4115.0	350.0	544.0	270.0	338.0	958.0
alpha_rarefaction_64500_5.txt	64500	5	1272.0	719.0	4105.0	352.0	549.0	271.0	339.0	951.0
alpha_rarefaction_64500_6.txt	64500	6	1264.0	719.0	4109.0	356.0	550.0	268.0	339.0	944.0
alpha_rarefaction_64500_7.txt	64500	7	1265.0	720.0	4111.0	354.0	546.0	270.0	340.0	955.0
alpha_rarefaction_64500_8.txt	64500	8	1262.0	721.0	4115.0	348.0	555.0	273.0	341.0	954.0
alpha_rarefaction_64500_9.txt	64500	9	1266.0	716.0	4125.0	347.0	551.0	276.0	342.0	959.0
alpha_rarefaction_65500_0.txt	65500	0	1263.0	717.0	4118.0	356.0	546.0	273.0	343.0	954.0
alpha_rarefaction_65500_1.txt	65500	1	1268.0	716.0	4117.0	349.0	548.0	266.0	343.0	965.0
alpha_rarefaction_65500_2.txt	65500	2	1268.0	719.0	4131.0	352.0	549.0	273.0	344.0	965.0
alpha_rarefaction_65500_3.txt	65500	3	1262.0	715.0	4115.0	353.0	556.0	274.0	335.0	963.0
alpha_rarefaction_65500_4.txt	65500	4	1263.0	720.0	4108.0	356.0	549.0	272.0	344.0	969.0
alpha_rarefaction_65500_5.txt	65500	5	1269.0	718.0	4111.0	359.0	560.0	272.0	339.0	959.0
alpha_rarefaction_65500_6.txt	65500	6	1264.0	719.0	4117.0	351.0	561.0	272.0	341.0	959.0
alpha_rarefaction_65500_7.txt	65500	7	1267.0	714.0	4117.0	351.0	553.0	272.0	343.0	960.0
alpha_rarefaction_65500_8.txt	65500	8	1268.0	718.0	4108.0	354.0	549.0	275.0	346.0	957.0
alpha_rarefaction_65500_9.txt	65500	9	1268.0	717.0	4103.0	354.0	542.0	269.0	341.0	953.0
alpha_rarefaction_66500_0.txt	66500	0	1270.0	709.0	4125.0	352.0	549.0	274.0	345.0	963.0
alpha_rarefaction_66500_1.txt	66500	1	1266.0	719.0	4112.0	352.0	551.0	271.0	343.0	957.0
alpha_rarefaction_66500_2.txt	66500	2	1262.0	722.0	4119.0	352.0	556.0	271.0	343.0	967.0
alpha_rarefaction_66500_3.txt	66500	3	1274.0	719.0	4121.0	355.0	556.0	271.0	344.0	945.0
alpha_rarefaction_66500_4.txt	66500	4	1266.0	714.0	4132.0	357.0	552.0	269.0	343.0	955.0
alpha_rarefaction_66500_5.txt	66500	5	1260.0	720.0	4125.0	352.0	545.0	275.0	344.0	963.0
alpha_rarefaction_66500_6.txt	66500	6	1264.0	715.0	4120.0	358.0	560.0	273.0	339.0	956.0
alpha_rarefaction_66500_7.txt	66500	7	1261.0	721.0	4114.0	353.0	559.0	275.0	341.0	958.0
alpha_rarefaction_66500_8.txt	66500	8	1270.0	718.0	4125.0	358.0	546.0	272.0	342.0	963.0
alpha_rarefaction_66500_9.txt	66500	9	1266.0	721.0	4129.0	358.0	550.0	274.0	343.0	962.0
alpha_rarefaction_67500_0.txt	67500	0	1262.0	712.0	4127.0	356.0	548.0	273.0	339.0	961.0
alpha_rarefaction_67500_1.txt	67500	1	1270.0	714.0	4134.0	359.0	554.0	270.0	345.0	970.0
alpha_rarefaction_67500_2.txt	67500	2	1270.0	719.0	4138.0	354.0	562.0	274.0	345.0	953.0
alpha_rarefaction_67500_3.txt	67500	3	1273.0	719.0	4131.0	358.0	543.0	274.0	342.0	963.0
alpha_rarefaction_67500_4.txt	67500	4	1270.0	720.0	4131.0	351.0	563.0	275.0	344.0	964.0
alpha_rarefaction_67500_5.txt	67500	5	1270.0	721.0	4124.0	356.0	554.0	275.0	346.0	967.0
alpha_rarefaction_67500_6.txt	67500	6	1264.0	719.0	4124.0	353.0	561.0	269.0	344.0	963.0
alpha_rarefaction_67500_7.txt	67500	7	1265.0	718.0	4137.0	356.0	547.0	277.0	344.0	957.0
alpha_rarefaction_67500_8.txt	67500	8	1264.0	712.0	4135.0	352.0	553.0	271.0	344.0	959.0
alpha_rarefaction_67500_9.txt	67500	9	1265.0	719.0	4117.0	359.0	548.0	271.0	340.0	959.0
alpha_rarefaction_68500_0.txt	68500	0	1267.0	720.0	4128.0	354.0	557.0	276.0	342.0	951.0
alpha_rarefaction_68500_1.txt	68500	1	1275.0	718.0	4128.0	356.0	568.0	274.0	347.0	959.0
alpha_rarefaction_68500_2.txt	68500	2	1269.0	717.0	4146.0	356.0	557.0	271.0	345.0	961.0
alpha_rarefaction_68500_3.txt	68500	3	1270.0	724.0	4134.0	355.0	550.0	274.0	343.0	964.0
alpha_rarefaction_68500_4.txt	68500	4	1266.0	719.0	4140.0	353.0	561.0	277.0	342.0	963.0
alpha_rarefaction_68500_5.txt	68500	5	1265.0	721.0	4138.0	356.0	548.0	277.0	346.0	963.0
alpha_rarefaction_68500_6.txt	68500	6	1267.0	719.0	4129.0	354.0	551.0	275.0	346.0	969.0
alpha_rarefaction_68500_7.txt	68500	7	1268.0	719.0	4130.0	358.0	562.0	274.0	340.0	974.0
alpha_rarefaction_68500_8.txt	68500	8	1268.0	720.0	4135.0	358.0	555.0	276.0	344.0	967.0
alpha_rarefaction_68500_9.txt	68500	9	1267.0	717.0	4138.0	355.0	542.0	276.0	342.0	964.0
alpha_rarefaction_69500_0.txt	69500	0	1269.0	722.0	4129.0	357.0	554.0	275.0	343.0	963.0
alpha_rarefaction_69500_1.txt	69500	1	1267.0	716.0	4146.0	357.0	565.0	273.0	345.0	971.0
alpha_rarefaction_69500_2.txt	69500	2	1271.0	716.0	4142.0	360.0	556.0	274.0	345.0	972.0
alpha_rarefaction_69500_3.txt	69500	3	1267.0	719.0	4133.0	357.0	562.0	277.0	345.0	969.0
alpha_rarefaction_69500_4.txt	69500	4	1272.0	721.0	4134.0	355.0	551.0	275.0	343.0	966.0
alpha_rarefaction_69500_5.txt	69500	5	1267.0	716.0	4127.0	360.0	558.0	274.0	344.0	967.0
alpha_rarefaction_69500_6.txt	69500	6	1272.0	724.0	4140.0	357.0	558.0	276.0	345.0	951.0
alpha_rarefaction_69500_7.txt	69500	7	1271.0	719.0	4135.0	357.0	561.0	277.0	344.0	964.0
alpha_rarefaction_69500_8.txt	69500	8	1270.0	721.0	4142.0	357.0	570.0	275.0	344.0	960.0
alpha_rarefaction_69500_9.txt	69500	9	1263.0	720.0	4147.0	357.0	545.0	273.0	346.0	966.0
alpha_rarefaction_70500_0.txt	70500	0	1272.0	719.0	4136.0	352.0	560.0	276.0	342.0	968.0
alpha_rarefaction_70500_1.txt	70500	1	1271.0	726.0	4150.0	357.0	564.0	276.0	345.0	960.0
alpha_rarefaction_70500_2.txt	70500	2	1276.0	725.0	4138.0	361.0	559.0	274.0	344.0	971.0
alpha_rarefaction_70500_3.txt	70500	3	1270.0	718.0	4143.0	354.0	552.0	274.0	341.0	961.0
alpha_rarefaction_70500_4.txt	70500	4	1270.0	720.0	4147.0	359.0	547.0	276.0	346.0	971.0
alpha_rarefaction_70500_5.txt	70500	5	1273.0	721.0	4139.0	360.0	554.0	276.0	344.0	965.0
alpha_rarefaction_70500_6.txt	70500	6	1263.0	721.0	4144.0	356.0	567.0	277.0	345.0	964.0
alpha_rarefaction_70500_7.txt	70500	7	1266.0	716.0	4145.0	355.0	551.0	276.0	345.0	965.0
alpha_rarefaction_70500_8.txt	70500	8	1269.0	718.0	4143.0	360.0	566.0	276.0	345.0	968.0
alpha_rarefaction_70500_9.txt	70500	9	1270.0	721.0	4155.0	354.0	556.0	274.0	344.0	963.0
alpha_rarefaction_71500_0.txt	71500	0	1276.0	721.0	4151.0	360.0	565.0	275.0	347.0	974.0
alpha_rarefaction_71500_1.txt	71500	1	1274.0	722.0	4141.0	358.0	561.0	276.0	342.0	968.0
alpha_rarefaction_71500_2.txt	71500	2	1269.0	725.0	4158.0	353.0	563.0	276.0	346.0	967.0
alpha_rarefaction_71500_3.txt	71500	3	1275.0	721.0	4140.0	353.0	563.0	276.0	345.0	966.0
alpha_rarefaction_71500_4.txt	71500	4	1271.0	721.0	4154.0	355.0	548.0	275.0	345.0	966.0
alpha_rarefaction_71500_5.txt	71500	5	1273.0	725.0	4146.0	360.0	562.0	275.0	345.0	974.0
alpha_rarefaction_71500_6.txt	71500	6	1270.0	723.0	4153.0	356.0	567.0	274.0	347.0	969.0
alpha_rarefaction_71500_7.txt	71500	7	1274.0	717.0	4148.0	361.0	552.0	276.0	346.0	973.0
alpha_rarefaction_71500_8.txt	71500	8	1267.0	722.0	4141.0	357.0	564.0	274.0	346.0	967.0
alpha_rarefaction_71500_9.txt	71500	9	1273.0	722.0	4144.0	355.0	544.0	275.0	346.0	968.0
alpha_rarefaction_72500_0.txt	72500	0	1276.0	722.0	4159.0	353.0	568.0	276.0	346.0	965.0
alpha_rarefaction_72500_1.txt	72500	1	1276.0	720.0	4154.0	358.0	560.0	276.0	347.0	970.0
alpha_rarefaction_72500_2.txt	72500	2	1273.0	722.0	4156.0	359.0	566.0	277.0	346.0	973.0
alpha_rarefaction_72500_3.txt	72500	3	1268.0	722.0	4147.0	356.0	564.0	276.0	347.0	972.0
alpha_rarefaction_72500_4.txt	72500	4	1270.0	723.0	4153.0	359.0	560.0	277.0	347.0	972.0
alpha_rarefaction_72500_5.txt	72500	5	1270.0	722.0	4158.0	357.0	559.0	276.0	346.0	971.0
alpha_rarefaction_72500_6.txt	72500	6	1276.0	723.0	4153.0	363.0	553.0	277.0	347.0	967.0
alpha_rarefaction_72500_7.txt	72500	7	1273.0	721.0	4156.0	358.0	565.0	276.0	347.0	967.0
alpha_rarefaction_72500_8.txt	72500	8	1271.0	720.0	4151.0	357.0	571.0	276.0	346.0	965.0
alpha_rarefaction_72500_9.txt	72500	9	1266.0	725.0	4149.0	359.0	569.0	277.0	345.0	976.0
alpha_rarefaction_73500_0.txt	73500	0	1275.0	721.0	4160.0	359.0	567.0	277.0	347.0	971.0
alpha_rarefaction_73500_1.txt	73500	1	1271.0	721.0	4148.0	361.0	562.0	277.0	346.0	979.0
alpha_rarefaction_73500_2.txt	73500	2	1272.0	721.0	4161.0	358.0	560.0	277.0	347.0	963.0
alpha_rarefaction_73500_3.txt	73500	3	1271.0	723.0	4163.0	356.0	557.0	277.0	346.0	977.0
alpha_rarefaction_73500_4.txt	73500	4	1276.0	724.0	4158.0	359.0	566.0	276.0	347.0	975.0
alpha_rarefaction_73500_5.txt	73500	5	1271.0	724.0	4159.0	359.0	566.0	277.0	346.0	978.0
alpha_rarefaction_73500_6.txt	73500	6	1271.0	725.0	4164.0	358.0	562.0	277.0	347.0	961.0
alpha_rarefaction_73500_7.txt	73500	7	1276.0	724.0	4160.0	358.0	555.0	276.0	346.0	973.0
alpha_rarefaction_73500_8.txt	73500	8	1269.0	721.0	4160.0	356.0	561.0	276.0	346.0	968.0
alpha_rarefaction_73500_9.txt	73500	9	1275.0	723.0	4159.0	356.0	553.0	277.0	347.0	977.0