	sequences per sample	iteration	D1	D3	WC	D5	SW	D4	D6	D2
alpha_rarefaction_500_0.txt	500	0	41.595	30.37209	45.48001	23.43893	19.91246	13.74404	14.45935	31.00231
alpha_rarefaction_500_1.txt	500	1	42.34482	29.80517	45.93995	22.12243	19.2577	12.96504	15.24545	28.60083
alpha_rarefaction_500_2.txt	500	2	40.37417	29.05343	44.81521	22.04601	20.78669	13.94324	14.85781	29.31399
alpha_rarefaction_500_3.txt	500	3	36.42893	30.17869	44.44264	20.06234	18.84205	14.20835	14.27561	28.95908
alpha_rarefaction_500_4.txt	500	4	40.12799	29.39605	48.80425	20.66816	20.22084	13.92676	15.0005	27.69308
alpha_rarefaction_500_5.txt	500	5	38.56512	29.11131	45.56536	23.31295	19.72524	14.79093	15.77812	31.24411
alpha_rarefaction_500_6.txt	500	6	39.54871	30.39492	46.98327	22.73116	19.40869	17.22251	15.95095	28.8124
alpha_rarefaction_500_7.txt	500	7	39.89223	27.33467	47.60784	23.02389	19.89935	13.13365	14.15475	30.886
alpha_rarefaction_500_8.txt	500	8	36.71337	29.27877	45.35853	22.28261	19.72643	13.08632	15.72294	28.62756
alpha_rarefaction_500_9.txt	500	9	40.39019	28.15256	47.20389	21.43026	19.52796	13.39496	13.9983	28.15438
alpha_rarefaction_1500_0.txt	1500	0	65.08405	42.18376	85.00921	30.68333	25.98994	21.43977	19.0575	45.83148
alpha_rarefaction_1500_1.txt	1500	1	62.66965	40.5424	80.884	30.9187	26.64981	20.04571	19.30642	46.10322
alpha_rarefaction_1500_2.txt	1500	2	59.54527	42.84826	78.80562	29.88222	26.43749	18.47427	20.4392	45.65105
alpha_rarefaction_1500_3.txt	1500	3	65.34925	41.49427	84.8096	29.81763	25.79632	20.41614	20.90629	45.20528
alpha_rarefaction_1500_4.txt	1500	4	61.56076	44.0222	84.74699	30.10863	26.53661	18.76762	18.98734	43.57833
alpha_rarefaction_1500_5.txt	1500	5	64.38389	44.59968	79.46658	31.15228	26.03562	21.24049	21.15625	46.43866
alpha_rarefaction_1500_6.txt	1500	6	62.34667	43.73638	83.97977	30.59667	27.01951	21.87276	19.77672	44.14221
alpha_rarefaction_1500_7.txt	1500	7	66.57682	42.6851	80.47913	32.02614	27.12918	20.78933	19.17338	42.90519
alpha_rarefaction_1500_8.txt	1500	8	62.34409	41.65996	82.98485	31.3305	28.58788	18.6944	21.05913	42.61735
alpha_rarefaction_1500_9.txt	1500	9	63.8956	42.30696	81.50248	32.0618	26.41845	19.40215	22.04434	43.85526
alpha_rarefaction_2500_0.txt	2500	0	76.53293	47.02116	106.11886	36.21309	30.80056	22.45516	23.80108	53.29465
alpha_rarefaction_2500_1.txt	2500	1	79.06315	49.15538	111.93193	36.05158	29.77672	22.78187	22.16728	55.49065
alpha_rarefaction_2500_2.txt	2500	2	76.94287	50.56448	106.18564	36.15068	30.34142	24.3912	23.26346	54.42972
alpha_rarefaction_2500_3.txt	2500	3	77.40318	51.54377	110.62829	35.8244	29.88212	24.30368	22.73609	53.47735
alpha_rarefaction_2500_4.txt	2500	4	80.43632	53.48576	104.58161	33.97378	30.32674	24.58708	22.88667	51.96665
alpha_rarefaction_2500_5.txt	2500	5	78.12435	51.1874	109.38655	34.54629	29.43225	23.29894	21.34986	53.9148
alpha_rarefaction_2500_6.txt	2500	6	78.05877	49.98669	105.11364	36.79871	29.49671	22.86177	22.39216	52.43395
alpha_rarefaction_2500_7.txt	2500	7	78.40988	50.65321	106.22354	33.90767	30.26247	23.9593	23.97807	53.88827
alpha_rarefaction_2500_8.txt	2500	8	77.26227	48.90623	109.34162	35.89842	29.72682	22.12626	22.58575	53.50216
alpha_rarefaction_2500_9.txt	2500	9	78.71912	49.85731	114.35095	34.35396	29.47471	23.49835	23.45547	53.72886
alpha_rarefaction_3500_0.txt	3500	0	87.53598	56.07882	124.7933	37.19252	31.80551	26.24185	24.71494	58.59244
alpha_rarefaction_3500_1.txt	3500	1	88.81863	54.82565	124.50297	36.78127	32.08376	24.92156	24.65534	58.9164
alpha_rarefaction_3500_2.txt	3500	2	88.06043	54.24995	124.51799	39.63853	32.49385	25.71398	23.74484	60.76405
alpha_rarefaction_3500_3.txt	3500	3	88.71854	53.40953	123.36412	35.94379	32.9037	26.58449	24.48388	56.75627
alpha_rarefaction_3500_4.txt	3500	4	87.93101	54.7451	122.04229	37.8566	31.86941	25.47413	24.40559	60.68515
alpha_rarefaction_3500_5.txt	3500	5	85.97624	56.31388	122.65376	38.46755	32.50187	26.17242	25.9	59.8568
alpha_rarefaction_3500_6.txt	3500	6	87.34114	53.09444	126.33619	38.42643	31.96052	25.49747	25.98269	59.71656
alpha_rarefaction_3500_7.txt	3500	7	86.98544	56.69597	122.66591	37.9196	31.24404	26.18102	24.64317	58.86853
alpha_rarefaction_3500_8.txt	3500	8	86.87206	53.32659	123.326	37.9343	31.53261	25.25002	23.15918	59.02096
alpha_rarefaction_3500_9.txt	3500	9	88.29462	55.37895	127.9017	38.82531	31.44625	25.66764	25.05084	59.44298
alpha_rarefaction_4500_0.txt	4500	0	95.40687	58.74692	140.93261	38.06504	33.85053	24.7369	26.05189	64.49814
alpha_rarefaction_4500_1.txt	4500	1	95.57115	59.14041	139.31549	38.68896	33.83426	25.6863	26.99253	63.35227
alpha_rarefaction_4500_2.txt	4500	2	94.64883	57.9414	134.04729	39.4321	33.56548	26.92969	25.77292	63.06914
alpha_rarefaction_4500_3.txt	4500	3	93.43878	58.15094	139.88156	39.4876	34.11955	26.57653	26.501	62.19776
alpha_rarefaction_4500_4.txt	4500	4	93.13076	57.0816	140.15858	38.09869	33.03633	27.20626	25.7336	62.37372
alpha_rarefaction_4500_5.txt	4500	5	94.07783	58.16112	138.86914	39.57537	32.703	28.28218	26.4056	64.14349
alpha_rarefaction_4500_6.txt	4500	6	96.9886	60.07292	138.18578	38.33458	34.96133	28.00812	27.72149	66.00725
alpha_rarefaction_4500_7.txt	4500	7	93.23388	58.34602	133.99844	39.88616	34.49835	28.01616	24.80538	65.15284
alpha_rarefaction_4500_8.txt	4500	8	91.85287	60.30166	139.29744	39.61216	33.26873	28.32842	26.73162	64.11617
alpha_rarefaction_4500_9.txt	4500	9	95.18613	58.50907	141.5418	39.22946	33.43197	26.64299	26.80108	63.17112
alpha_rarefaction_5500_0.txt	5500	0	100.45899	60.77128	146.9697	39.9699	35.95071	30.74493	26.4496	67.6006
alpha_rarefaction_5500_1.txt	5500	1	97.88857	61.79616	150.42882	41.30491	34.0516	29.79772	25.8213	65.40197
alpha_rarefaction_5500_2.txt	5500	2	101.33742	61.39899	149.45209	41.90445	35.99451	27.10463	28.45265	68.04316
alpha_rarefaction_5500_3.txt	5500	3	95.93382	59.35101	147.50385	40.45508	34.93138	29.16098	26.11867	66.09277
alpha_rarefaction_5500_4.txt	5500	4	99.82329	62.44896	150.82524	40.02055	32.84616	28.46337	26.38851	67.42814
alpha_rarefaction_5500_5.txt	5500	5	99.37725	62.49488	152.5787	40.8661	33.87111	29.72432	27.34755	66.96856
alpha_rarefaction_5500_6.txt	5500	6	99.60573	61.52198	148.63777	40.06975	35.38817	29.22272	27.17418	69.66575
alpha_rarefaction_5500_7.txt	5500	7	100.5022	61.92923	148.59666	41.98416	33.68985	29.34283	29.06802	66.41083
alpha_rarefaction_5500_8.txt	5500	8	96.92344	61.49515	150.46781	41.08261	33.79256	30.34268	26.80051	66.0113
alpha_rarefaction_5500_9.txt	5500	9	99.49642	61.28543	151.94929	39.73293	34.48419	27.9251	26.18717	68.63472
alpha_rarefaction_6500_0.txt	6500	0	108.36298	62.28486	161.9234	42.5256	35.25378	29.56638	26.70698	69.56394
alpha_rarefaction_6500_1.txt	6500	1	103.31414	63.45927	158.23609	40.69601	36.19584	29.57907	26.44663	68.93702
alpha_rarefaction_6500_2.txt	6500	2	104.11794	64.15793	158.4902	42.3321	33.92606	30.90349	28.16631	71.01108
alpha_rarefaction_6500_3.txt	6500	3	101.31417	67.98562	163.25364	40.72542	34.50531	29.31748	27.44873	70.64254
alpha_rarefaction_6500_4.txt	6500	4	99.70347	65.31867	162.71043	39.36466	35.43447	29.58472	26.32698	70.32483
alpha_rarefaction_6500_5.txt	6500	5	103.73875	63.83794	158.85816	41.11341	36.0102	28.46045	27.03862	72.01882
alpha_rarefaction_6500_6.txt	6500	6	101.4806	66.35225	159.65968	41.30136	35.73958	30.15417	27.83826	70.73068
alpha_rarefaction_6500_7.txt	6500	7	104.9352	65.64585	160.39225	40.65958	35.77189	27.77739	29.53102	69.19671
alpha_rarefaction_6500_8.txt	6500	8	102.24101	63.69007	159.16546	41.61647	37.4343	29.74702	28.11622	68.16744
alpha_rarefaction_6500_9.txt	6500	9	102.21085	63.32896	164.75797	39.22719	35.16127	30.7215	27.32684	69.04957
alpha_rarefaction_7500_0.txt	7500	0	106.3425	65.24465	170.61158	41.25314	37.1402	30.82186	28.09275	70.90094
alpha_rarefaction_7500_1.txt	7500	1	105.27959	66.14028	170.34368	41.83723	35.71684	31.65994	28.02677	72.26981
alpha_rarefaction_7500_2.txt	7500	2	104.81323	66.36136	166.90611	41.94558	36.3419	30.887	30.15294	72.6535
alpha_rarefaction_7500_3.txt	7500	3	106.26623	65.68408	168.22585	40.74133	37.17188	30.99506	29.31292	69.46308
alpha_rarefaction_7500_4.txt	7500	4	106.82236	64.59007	168.1446	42.54113	35.27257	31.03084	29.23877	71.27958
alpha_rarefaction_7500_5.txt	7500	5	106.46501	65.17899	168.83852	41.71798	36.33083	30.59722	29.44505	71.8551
alpha_rarefaction_7500_6.txt	7500	6	105.77948	67.41521	168.58643	43.45723	35.34604	30.52149	28.97993	73.67263
alpha_rarefaction_7500_7.txt	7500	7	109.9635	66.37354	170.83486	41.37552	37.61804	30.66385	28.56954	73.69432
alpha_rarefaction_7500_8.txt	7500	8	106.6	66.97061	170.09315	42.02519	36.68032	31.0492	28.34506	71.55016
alpha_rarefaction_7500_9.txt	7500	9	105.74065	65.0823	173.49203	42.13775	36.29856	32.23311	27.84143	73.54161
alpha_rarefaction_8500_0.txt	8500	0	109.31139	67.10731	178.32699	42.2241	35.83187	30.96285	29.18432	74.70663
alpha_rarefaction_8500_1.txt	8500	1	108.29227	69.69412	177.37744	43.20624	38.23753	31.07966	29.69945	74.93769
alpha_rarefaction_8500_2.txt	8500	2	107.24762	66.61042	181.24077	42.59569	37.43783	31.57439	29.18062	72.62168
alpha_rarefaction_8500_3.txt	8500	3	110.36524	69.30959	180.43083	42.12247	37.65184	31.34451	27.88398	73.89313
alpha_rarefaction_8500_4.txt	8500	4	109.65639	68.71153	181.62158	42.75462	38.7507	31.49906	30.31326	72.77871
alpha_rarefaction_8500_5.txt	8500	5	109.32419	68.14387	181.15094	42.73672	38.31547	31.62928	29.81909	77.06721
alpha_rarefaction_8500_6.txt	8500	6	107.3818	67.78284	177.89601	42.33195	36.27327	32.22519	29.44717	74.23887
alpha_rarefaction_8500_7.txt	8500	7	107.01419	65.85898	179.72529	42.84032	38.02131	31.71142	29.33407	73.19509
alpha_rarefaction_8500_8.txt	8500	8	109.94326	68.44312	176.47758	42.43713	38.03416	31.30098	29.18819	72.04694
alpha_rarefaction_8500_9.txt	8500	9	107.09803	67.17808	180.89923	42.01474	36.981	32.46273	29.22263	75.34361
alpha_rarefaction_9500_0.txt	9500	0	111.49484	70.31665	183.59069	42.24081	38.70666	32.28331	29.88169	77.32989
alpha_rarefaction_9500_1.txt	9500	1	110.22305	69.22726	187.17021	43.47438	37.24197	33.12363	30.08284	78.09
alpha_rarefaction_9500_2.txt	9500	2	109.74505	70.86145	183.11821	43.90091	37.32311	32.29809	30.81773	77.44999
alpha_rarefaction_9500_3.txt	9500	3	112.50696	69.93202	187.41062	43.14668	37.03524	32.2449	30.94088	77.0421
alpha_rarefaction_9500_4.txt	9500	4	112.26456	68.26158	183.94343	43.16688	38.88805	30.9326	30.63857	77.29626
alpha_rarefaction_9500_5.txt	9500	5	109.85043	69.39476	188.05281	43.63309	37.42672	30.75997	30.33349	77.49123
alpha_rarefaction_9500_6.txt	9500	6	112.35703	67.16057	181.88944	43.12289	37.88239	32.36618	30.79156	77.08255
alpha_rarefaction_9500_7.txt	9500	7	110.14559	70.0943	184.57822	42.64848	38.77524	31.35335	29.01996	77.43491
alpha_rarefaction_9500_8.txt	9500	8	108.37184	67.63914	184.59141	42.90498	38.03685	30.96943	30.19663	75.63547
alpha_rarefaction_9500_9.txt	9500	9	110.14819	67.689	190.95258	43.02495	39.50628	31.45996	29.36809	76.46957
alpha_rarefaction_10500_0.txt	10500	0	113.35439	70.58585	195.02168	44.04804	38.96832	32.3857	30.62078	78.94532
alpha_rarefaction_10500_1.txt	10500	1	114.565	72.06403	188.29457	42.86486	39.76194	32.09352	31.05211	76.10674
alpha_rarefaction_10500_2.txt	10500	2	113.26736	71.54223	192.35093	42.77339	37.95183	32.68625	28.96044	78.04481
alpha_rarefaction_10500_3.txt	10500	3	113.70898	70.06116	193.20427	43.24448	39.85024	30.78321	31.09919	77.00558
alpha_rarefaction_10500_4.txt	10500	4	110.47822	71.67628	197.8849	43.40766	38.20907	34.25749	29.47626	80.40483
alpha_rarefaction_10500_5.txt	10500	5	113.30013	71.14814	197.36033	43.60515	39.17554	32.84386	30.26432	77.79234
alpha_rarefaction_10500_6.txt	10500	6	112.35337	69.9328	192.22943	43.52485	38.08481	31.82249	31.85507	75.93562
alpha_rarefaction_10500_7.txt	10500	7	114.13167	68.88365	191.00798	44.14911	37.71157	33.27235	31.75356	78.75019
alpha_rarefaction_10500_8.txt	10500	8	113.04843	68.69775	192.02888	43.11309	38.88244	33.21137	30.89271	79.52468
alpha_rarefaction_10500_9.txt	10500	9	111.64753	70.05344	191.53889	43.16905	37.73858	33.42086	31.48565	80.00831
alpha_rarefaction_11500_0.txt	11500	0	114.99428	72.32249	197.6344	43.46285	38.99037	32.79973	31.33218	78.52573
alpha_rarefaction_11500_1.txt	11500	1	116.06573	69.97943	196.791	43.92673	39.15444	32.6693	30.04059	80.72061
alpha_rarefaction_11500_2.txt	11500	2	115.02742	71.42412	197.11573	43.63828	39.1473	33.0546	30.75971	79.77125
alpha_rarefaction_11500_3.txt	11500	3	116.90237	71.31639	200.43604	43.5002	37.8483	32.97576	31.50421	80.06538
alpha_rarefaction_11500_4.txt	11500	4	114.65943	71.43763	200.41003	43.5857	38.58453	32.92756	32.54246	80.84268
alpha_rarefaction_11500_5.txt	11500	5	115.6203	71.93881	200.1858	43.7285	39.79196	32.75376	28.90264	77.94175
alpha_rarefaction_11500_6.txt	11500	6	114.87015	70.53899	200.92918	44.26817	38.55598	32.29029	30.33963	80.84938
alpha_rarefaction_11500_7.txt	11500	7	113.64428	71.90375	200.25811	44.03323	39.27952	33.499	31.66303	81.34165
alpha_rarefaction_11500_8.txt	11500	8	114.75793	72.95603	198.67899	44.78976	38.86435	32.98382	31.67606	80.52747
alpha_rarefaction_11500_9.txt	11500	9	114.35752	70.42707	203.38015	42.72798	38.94087	31.68593	31.19444	79.26229
alpha_rarefaction_12500_0.txt	12500	0	115.56773	73.21636	205.52145	43.98267	38.45927	34.26078	33.31249	79.33668
alpha_rarefaction_12500_1.txt	12500	1	117.33714	74.55147	205.72422	45.19807	39.56053	33.5085	32.25401	82.34491
alpha_rarefaction_12500_2.txt	12500	2	116.92851	74.36437	196.21431	44.43002	39.46004	33.63943	31.96336	81.5215
alpha_rarefaction_12500_3.txt	12500	3	115.92438	72.30405	204.33633	43.5542	40.28946	33.34152	32.88047	80.74242
alpha_rarefaction_12500_4.txt	12500	4	114.4591	73.52642	205.6191	44.1005	38.80552	32.83214	32.16832	81.31501
alpha_rarefaction_12500_5.txt	12500	5	114.89176	72.87075	200.10095	44.47154	40.29409	33.23482	32.02656	81.0438
alpha_rarefaction_12500_6.txt	12500	6	116.19282	73.6856	198.23404	43.58182	38.13385	32.73652	32.77098	80.35668
alpha_rarefaction_12500_7.txt	12500	7	114.90016	72.32396	205.51235	43.28571	39.08536	32.89167	31.20192	79.28677
alpha_rarefaction_12500_8.txt	12500	8	117.99293	72.74672	208.08588	43.62555	39.67134	31.73672	33.19869	82.37947
alpha_rarefaction_12500_9.txt	12500	9	116.7613	71.42925	203.29378	44.39384	40.0773	33.4787	30.59352	81.26695
alpha_rarefaction_13500_0.txt	13500	0	116.4546	75.75319	210.05651	44.87198	39.42266	34.6094	33.7624	82.38049
alpha_rarefaction_13500_1.txt	13500	1	118.84024	73.48019	213.34088	43.44181	40.56008	33.16657	31.44741	82.56182
alpha_rarefaction_13500_2.txt	13500	2	117.77879	73.91939	209.70184	44.66617	39.46198	33.60393	33.37997	81.87265
alpha_rarefaction_13500_3.txt	13500	3	117.48256	74.21064	211.70111	43.97101	38.78887	33.21942	32.72478	84.02347
alpha_rarefaction_13500_4.txt	13500	4	120.17493	73.54619	209.94261	44.617	40.62865	34.04996	31.57672	83.80416
alpha_rarefaction_13500_5.txt	13500	5	118.2175	74.04777	211.09638	43.65932	39.43259	33.477	30.34694	82.26407
alpha_rarefaction_13500_6.txt	13500	6	119.03497	74.41084	209.23178	43.95821	39.71189	33.53223	32.35542	81.906
alpha_rarefaction_13500_7.txt	13500	7	115.96046	72.55007	208.7153	44.96388	40.30303	34.53257	31.04037	83.51481
alpha_rarefaction_13500_8.txt	13500	8	116.40867	74.21637	210.49439	44.08016	41.86051	33.71826	30.57937	82.63041
alpha_rarefaction_13500_9.txt	13500	9	117.25127	70.4401	211.58065	44.41683	39.59027	33.65259	31.75243	82.90407
alpha_rarefaction_14500_0.txt	14500	0	117.77322	73.36033	217.86379	45.45978	41.68781	34.63538	33.00694	83.16144
alpha_rarefaction_14500_1.txt	14500	1	118.59179	74.2357	218.40323	43.4689	40.14004	35.33166	30.33547	84.19864
alpha_rarefaction_14500_2.txt	14500	2	117.46458	75.28435	212.06502	44.99761	39.50064	35.30187	33.10143	84.17241
alpha_rarefaction_14500_3.txt	14500	3	119.11147	74.99246	218.42116	45.53467	39.66091	33.23466	32.19436	85.81717
alpha_rarefaction_14500_4.txt	14500	4	120.78933	74.42018	214.26432	44.20351	40.31311	33.6498	32.57042	85.21396
alpha_rarefaction_14500_5.txt	14500	5	118.95325	74.68435	217.74686	44.64735	40.56317	34.78172	32.53862	81.52775
alpha_rarefaction_14500_6.txt	14500	6	118.32686	75.00577	215.54512	44.23126	41.30507	32.28077	30.92031	85.8047
alpha_rarefaction_14500_7.txt	14500	7	119.29767	73.27912	214.70355	45.22552	40.39983	33.99481	33.03818	84.25224
alpha_rarefaction_14500_8.txt	14500	8	119.78345	74.11124	212.29337	45.62229	40.15159	33.71186	32.85199	84.58928
alpha_rarefaction_14500_9.txt	14500	9	119.73017	75.56583	215.56637	43.68818	40.28428	34.21874	33.1688	83.83855
alpha_rarefaction_15500_0.txt	15500	0	121.12034	75.22674	217.19714	44.99151	41.39184	33.7394	34.06863	84.40183
alpha_rarefaction_15500_1.txt	15500	1	121.76705	75.72763	220.36596	44.83828	41.24813	33.91929	33.19579	84.30086
alpha_rarefaction_15500_2.txt	15500	2	120.08596	76.271	223.7074	45.13627	41.77999	33.69998	33.0832	84.92969
alpha_rarefaction_15500_3.txt	15500	3	118.16475	75.8972	216.54368	45.52115	39.8509	34.07985	33.42424	84.53862
alpha_rarefaction_15500_4.txt	15500	4	119.24936	76.04173	221.44515	44.52188	40.0945	33.34046	33.37534	84.7513
alpha_rarefaction_15500_5.txt	15500	5	118.15117	75.67346	216.6793	44.94129	41.6487	33.93792	32.77106	86.65614
alpha_rarefaction_15500_6.txt	15500	6	118.50889	73.92937	218.84657	44.55097	40.59462	34.33935	33.60471	84.13563
alpha_rarefaction_15500_7.txt	15500	7	121.29718	73.47827	220.04139	44.70707	41.59868	34.95084	32.57157	84.58153
alpha_rarefaction_15500_8.txt	15500	8	121.51849	75.43034	219.92452	43.83097	41.61975	34.82036	32.2311	85.78914
alpha_rarefaction_15500_9.txt	15500	9	117.91772	76.09383	221.67494	44.94419	42.10027	34.24747	32.50607	86.33943
alpha_rarefaction_16500_0.txt	16500	0	120.18715	76.96301	222.42648	45.66439	40.97487	35.76268	33.41573	86.46136
alpha_rarefaction_16500_1.txt	16500	1	120.69412	75.52722	219.31535	45.45771	41.07728	34.93733	34.54147	86.76592
alpha_rarefaction_16500_2.txt	16500	2	120.07974	77.20574	224.27382	45.92997	41.19128	33.92558	32.42922	85.56427
alpha_rarefaction_16500_3.txt	16500	3	121.64729	75.38062	223.2905	44.55896	39.99531	33.78663	32.88512	84.95688
alpha_rarefaction_16500_4.txt	16500	4	120.79362	76.41156	222.4987	45.63594	40.91054	35.37842	33.37357	86.04341
alpha_rarefaction_16500_5.txt	16500	5	120.75052	75.37216	221.35618	45.08765	42.16497	34.94677	33.39869	84.66692
alpha_rarefaction_16500_6.txt	16500	6	120.84275	78.08033	222.39493	44.68524	41.71904	33.97084	32.90059	86.98976
alpha_rarefaction_16500_7.txt	16500	7	120.29123	77.15878	226.88753	45.26399	40.44358	35.18979	33.30993	88.50742
alpha_rarefaction_16500_8.txt	16500	8	119.279	77.19867	220.44341	45.40603	40.69432	35.25918	33.4499	86.87939
alpha_rarefaction_16500_9.txt	16500	9	120.22476	75.87919	223.57216	45.01922	39.98277	33.48734	32.55075	84.61153
alpha_rarefaction_17500_0.txt	17500	0	120.63081	77.50292	226.30622	45.14566	43.58769	34.57632	33.31007	84.92975
alpha_rarefaction_17500_1.txt	17500	1	121.88039	77.69738	225.29804	45.10027	41.30093	34.87192	34.75095	88.4395
alpha_rarefaction_17500_2.txt	17500	2	121.55156	76.57383	224.72074	44.8869	40.09337	34.00822	34.08152	85.38234
alpha_rarefaction_17500_3.txt	17500	3	121.51768	76.23457	230.91882	45.43015	41.24214	33.79754	35.66077	86.0022
alpha_rarefaction_17500_4.txt	17500	4	122.814	77.78187	224.53311	45.011	41.92716	34.0757	33.05719	87.41388
alpha_rarefaction_17500_5.txt	17500	5	118.38032	76.65728	226.39406	46.01118	40.03617	34.87807	35.1039	86.09273
alpha_rarefaction_17500_6.txt	17500	6	122.54366	76.18309	227.02663	45.02117	44.46452	35.46168	34.50525	88.27163
alpha_rarefaction_17500_7.txt	17500	7	120.81632	78.05887	231.64744	44.73688	40.75541	34.04859	34.78206	87.37589
alpha_rarefaction_17500_8.txt	17500	8	120.36076	76.70251	225.90799	45.58213	41.89099	35.78422	34.19512	88.41709
alpha_rarefaction_17500_9.txt	17500	9	120.39522	76.20267	227.72714	45.90213	41.94793	35.17085	35.13443	88.16098
alpha_rarefaction_18500_0.txt	18500	0	121.02911	77.1913	230.93526	45.01904	43.95508	34.17817	34.77844	87.32144
alpha_rarefaction_18500_1.txt	18500	1	120.89039	76.99207	233.42126	45.89363	42.68028	35.8598	33.7517	86.83915
alpha_rarefaction_18500_2.txt	18500	2	121.85154	77.47987	231.1175	45.19605	41.61367	35.71117	35.00013	86.97637
alpha_rarefaction_18500_3.txt	18500	3	122.56983	76.90296	233.46529	44.87596	41.82134	34.85847	33.20377	86.53294
alpha_rarefaction_18500_4.txt	18500	4	121.92178	77.74691	231.86143	44.60771	41.59207	35.31742	33.94106	86.39818
alpha_rarefaction_18500_5.txt	18500	5	122.13487	76.04936	227.6621	44.18117	40.39564	34.26079	33.9869	87.77435
alpha_rarefaction_18500_6.txt	18500	6	122.71218	78.96662	231.47344	46.22909	42.53914	35.45601	34.39437	89.83741
alpha_rarefaction_18500_7.txt	18500	7	122.50129	77.34452	229.18413	45.88084	40.67181	35.20697	33.78139	87.4826
alpha_rarefaction_18500_8.txt	18500	8	122.00997	78.33873	230.40816	44.51769	43.51161	34.73668	35.84579	87.54771
alpha_rarefaction_18500_9.txt	18500	9	120.14199	76.34256	230.74124	45.11212	43.85221	33.23036	32.9388	87.62664
alpha_rarefaction_19500_0.txt	19500	0	125.07399	78.33283	231.62238	45.9249	41.59494	35.73687	34.02398	89.27499
alpha_rarefaction_19500_1.txt	19500	1	124.32938	78.27791	234.77461	45.61222	40.96508	34.70508	33.75537	89.87878
alpha_rarefaction_19500_2.txt	19500	2	123.68797	78.18909	236.24295	45.88074	41.41258	36.35028	34.00523	87.88836
alpha_rarefaction_19500_3.txt	19500	3	123.71238	78.72415	237.51216	46.00295	40.72304	34.89077	34.12111	90.08579
alpha_rarefaction_19500_4.txt	19500	4	125.01121	77.22225	236.41281	44.71329	44.02813	35.47402	34.20354	90.38947
alpha_rarefaction_19500_5.txt	19500	5	123.658	78.04106	234.53508	45.62711	43.38091	35.33613	34.67904	90.99077
alpha_rarefaction_19500_6.txt	19500	6	122.90581	77.83021	237.39694	46.3324	42.6041	34.86667	34.66562	90.46901
alpha_rarefaction_19500_7.txt	19500	7	124.21051	78.36202	233.9386	45.62492	40.71907	35.88209	33.55015	89.59235
alpha_rarefaction_19500_8.txt	19500	8	121.04154	79.48822	237.20123	44.5128	42.46668	35.59266	34.57765	89.03824
alpha_rarefaction_19500_9.txt	19500	9	123.46662	79.65611	234.65593	45.04106	42.23852	34.43195	35.28727	90.11787
alpha_rarefaction_20500_0.txt	20500	0	122.57912	77.70989	237.1206	46.65933	42.24336	35.62972	34.37795	90.57557
alpha_rarefaction_20500_1.txt	20500	1	121.659	77.44741	239.51781	44.55001	42.28663	37.20524	34.17651	89.4815
alpha_rarefaction_20500_2.txt	20500	2	123.67388	77.93803	237.61371	46.26753	43.80813	35.67186	34.53798	91.43511
alpha_rarefaction_20500_3.txt	20500	3	122.4391	79.96126	238.08163	46.85301	42.38771	34.86363	34.00695	88.48296
alpha_rarefaction_20500_4.txt	20500	4	124.01682	79.16107	237.19771	45.98349	41.89909	35.99733	32.72499	90.35214
alpha_rarefaction_20500_5.txt	20500	5	124.25875	77.24152	238.65491	45.81797	42.7966	35.61474	34.72728	88.85125
alpha_rarefaction_20500_6.txt	20500	6	123.88968	78.53319	240.04475	45.86846	41.47483	35.6836	34.90901	88.88057
alpha_rarefaction_20500_7.txt	20500	7	124.5786	79.05035	239.34713	45.76927	41.58224	35.08041	33.82951	88.18361
alpha_rarefaction_20500_8.txt	20500	8	123.24408	76.39845	236.13608	45.89194	43.52092	35.77173	33.76432	88.60371
alpha_rarefaction_20500_9.txt	20500	9	121.97327	78.52772	238.07676	45.60032	42.40601	35.60607	35.40496	89.09815
alpha_rarefaction_21500_0.txt	21500	0	124.9654	79.04235	241.17262	45.67418	41.23998	36.43943	34.23343	91.43661
alpha_rarefaction_21500_1.txt	21500	1	124.78387	78.97721	241.69181	45.65093	41.48141	34.21881	34.21858	91.14729
alpha_rarefaction_21500_2.txt	21500	2	124.84295	79.03692	242.34786	45.84292	42.0985	36.04345	36.26615	90.10981
alpha_rarefaction_21500_3.txt	21500	3	125.4182	78.96788	239.66901	45.78971	43.0649	35.93108	34.30825	91.99067
alpha_rarefaction_21500_4.txt	21500	4	122.61955	77.80526	241.57386	46.6876	43.6895	36.34358	35.24093	89.25357
alpha_rarefaction_21500_5.txt	21500	5	125.41543	78.86512	243.30591	46.09105	43.25151	35.47836	33.96065	90.05364
alpha_rarefaction_21500_6.txt	21500	6	125.4313	79.64209	239.4635	45.67951	44.03179	36.12203	34.05359	91.76656
alpha_rarefaction_21500_7.txt	21500	7	122.64125	78.97297	240.23309	45.22662	42.80787	34.21991	33.84337	88.27615
alpha_rarefaction_21500_8.txt	21500	8	124.96188	78.20446	242.71122	46.15797	42.74257	35.35135	34.23545	90.68348
alpha_rarefaction_21500_9.txt	21500	9	123.78485	78.49556	240.99456	44.89009	44.33019	35.67987	34.8712	89.50649
alpha_rarefaction_22500_0.txt	22500	0	124.45303	79.33068	243.38013	45.81042	43.67276	35.92772	35.63092	91.928
alpha_rarefaction_22500_1.txt	22500	1	122.71655	80.38171	245.09403	46.74765	42.68069	35.79323	35.30183	90.05998
alpha_rarefaction_22500_2.txt	22500	2	124.45102	79.04519	242.70316	45.71586	42.19391	35.88413	35.49837	90.97084
alpha_rarefaction_22500_3.txt	22500	3	125.1482	80.8739	243.51596	45.82832	42.41811	35.88499	34.7618	89.36505
alpha_rarefaction_22500_4.txt	22500	4	125.86103	79.02416	246.37839	46.31442	42.44236	36.6079	36.40496	92.37152
alpha_rarefaction_22500_5.txt	22500	5	124.57231	80.108	248.34743	45.58149	43.31163	36.24984	34.70973	91.78753
alpha_rarefaction_22500_6.txt	22500	6	125.95792	79.16689	244.75835	45.53488	42.66494	35.86938	35.04792	90.63919
alpha_rarefaction_22500_7.txt	22500	7	126.31046	79.57558	244.55117	46.47453	42.52628	35.52664	34.31822	90.19402
alpha_rarefaction_22500_8.txt	22500	8	124.90664	80.40781	243.31116	46.53171	43.21135	34.74911	33.09795	90.26083
alpha_rarefaction_22500_9.txt	22500	9	125.12578	80.57253	241.98402	46.4475	43.61879	35.31511	35.80268	94.16204
alpha_rarefaction_23500_0.txt	23500	0	125.87939	79.45421	249.02978	46.6533	43.16216	35.35276	35.06519	92.15258
alpha_rarefaction_23500_1.txt	23500	1	125.54535	81.21117	248.61211	45.80753	43.4486	35.91481	35.6677	91.87558
alpha_rarefaction_23500_2.txt	23500	2	126.21503	79.37569	246.16537	45.59513	43.5679	35.84318	34.34784	90.56482
alpha_rarefaction_23500_3.txt	23500	3	126.15514	79.86068	248.37446	46.51086	43.35577	34.84787	35.26038	92.47119
alpha_rarefaction_23500_4.txt	23500	4	124.89356	79.56767	245.15484	47.00497	43.43098	36.08784	34.77692	91.31675
alpha_rarefaction_23500_5.txt	23500	5	126.09257	80.73048	249.0646	46.43595	43.77042	36.10871	34.73409	92.48451
alpha_rarefaction_23500_6.txt	23500	6	126.27705	80.46522	245.8763	46.37547	42.22886	36.34277	34.10421	91.24907
alpha_rarefaction_23500_7.txt	23500	7	124.79477	80.22331	248.12462	46.92461	44.14635	36.04047	35.20082	94.41415
alpha_rarefaction_23500_8.txt	23500	8	126.09152	80.2975	245.62759	45.66604	43.92886	36.01478	35.60482	91.65501
alpha_rarefaction_23500_9.txt	23500	9	126.12913	79.67205	247.82639	45.92491	43.79445	35.91141	36.55415	91.48776
alpha_rarefaction_24500_0.txt	24500	0	126.78912	80.92899	247.67896	46.18739	42.98372	36.28025	36.73746	91.47421
alpha_rarefaction_24500_1.txt	24500	1	126.1569	79.28826	248.15976	46.39603	43.06087	36.04219	36.69348	91.58619
alpha_rarefaction_24500_2.txt	24500	2	126.12722	80.65309	248.40548	46.52892	43.03329	36.61616	36.16143	92.20634
alpha_rarefaction_24500_3.txt	24500	3	125.86928	79.60478	246.76935	45.78972	44.5143	36.32866	35.27981	92.24599
alpha_rarefaction_24500_4.txt	24500	4	125.24857	79.94751	250.2663	46.19573	44.84572	36.19285	35.36413	92.60658
alpha_rarefaction_24500_5.txt	24500	5	126.29029	80.48462	248.79433	45.76458	45.12596	35.43604	36.32379	91.00688
alpha_rarefaction_24500_6.txt	24500	6	125.63614	80.43653	249.90062	46.33244	46.42269	35.79997	34.72332	92.82337
alpha_rarefaction_24500_7.txt	24500	7	125.81723	80.48297	248.26357	46.72962	44.32277	35.05111	34.50419	91.86778
alpha_rarefaction_24500_8.txt	24500	8	125.70312	79.2232	253.6834	46.86681	43.03101	36.57668	35.66663	90.85142
alpha_rarefaction_24500_9.txt	24500	9	124.79783	79.51296	250.55946	45.97641	44.73477	36.34043	34.05781	91.06427
alpha_rarefaction_25500_0.txt	25500	0	127.69771	81.38764	254.47346	45.75281	43.05936	35.7917	37.63305	91.61132
alpha_rarefaction_25500_1.txt	25500	1	127.37745	81.24099	252.07636	47.0356	43.41821	36.39878	35.56014	93.40371
alpha_rarefaction_25500_2.txt	25500	2	126.76044	81.06568	253.81096	46.00444	43.81508	35.72716	37.07686	95.98784
alpha_rarefaction_25500_3.txt	25500	3	125.94466	80.52855	255.92654	46.01552	44.45482	35.83199	35.1724	92.71003
alpha_rarefaction_25500_4.txt	25500	4	125.0663	80.73486	252.93348	45.82519	43.27427	35.35268	34.33678	92.20756
alpha_rarefaction_25500_5.txt	25500	5	126.42083	80.63269	253.10213	46.52382	42.00825	36.04396	34.80374	93.71054
alpha_rarefaction_25500_6.txt	25500	6	126.14175	81.37805	251.55291	46.36944	44.61353	36.29464	35.67708	92.90116
alpha_rarefaction_25500_7.txt	25500	7	126.94529	80.60435	250.61959	45.95348	43.22849	35.89113	36.08907	91.43392
alpha_rarefaction_25500_8.txt	25500	8	125.70973	80.23499	248.38083	46.17608	45.1686	36.25176	35.4438	90.94996
alpha_rarefaction_25500_9.txt	25500	9	125.50515	79.85829	251.98509	46.68686	43.53351	36.95231	36.25596	91.95797
alpha_rarefaction_26500_0.txt	26500	0	126.41836	82.05382	259.16977	46.55317	44.47865	36.50461	36.49618	92.06428
alpha_rarefaction_26500_1.txt	26500	1	127.21118	81.73262	255.64907	45.83669	44.76133	36.74957	35.74639	92.76646
alpha_rarefaction_26500_2.txt	26500	2	126.16104	80.80136	255.28558	45.44457	44.26567	35.40284	35.8479	92.94325
alpha_rarefaction_26500_3.txt	26500	3	126.71635	81.13212	255.35185	45.82946	45.31222	35.65127	36.55468	94.11602
alpha_rarefaction_26500_4.txt	26500	4	125.55313	81.55231	252.86898	47.05077	43.53489	36.62169	36.03786	93.2382
alpha_rarefaction_26500_5.txt	26500	5	125.6968	80.86658	252.36766	46.87577	45.43421	35.3247	36.55479	93.48163
alpha_rarefaction_26500_6.txt	26500	6	127.13526	82.30836	255.72444	46.82769	43.84743	35.5488	35.54115	93.68805
alpha_rarefaction_26500_7.txt	26500	7	127.10546	80.23512	257.49039	46.49565	44.76133	36.14373	36.01288	92.24633
alpha_rarefaction_26500_8.txt	26500	8	125.80912	81.45422	254.59437	47.01137	42.55348	35.4542	36.3088	93.89104
alpha_rarefaction_26500_9.txt	26500	9	125.28394	81.85497	254.9544	46.40074	44.98321	35.47047	36.77261	92.63433
alpha_rarefaction_27500_0.txt	27500	0	127.07652	80.77451	257.81042	46.52852	44.93433	35.60371	36.62592	91.81672
alpha_rarefaction_27500_1.txt	27500	1	127.54791	81.35127	260.77458	46.67106	46.28046	35.96308	35.74783	93.52685
alpha_rarefaction_27500_2.txt	27500	2	127.15518	81.46192	257.61067	46.09488	43.72068	37.36509	37.61859	94.77054
alpha_rarefaction_27500_3.txt	27500	3	124.55587	81.59687	253.85139	46.06727	44.26606	36.20314	35.98158	93.20872
alpha_rarefaction_27500_4.txt	27500	4	126.00724	81.28929	260.39506	46.54208	42.7781	36.41019	34.79954	95.22349
alpha_rarefaction_27500_5.txt	27500	5	127.48528	81.18437	258.3167	46.36584	45.04456	37.1413	35.41826	95.24939
alpha_rarefaction_27500_6.txt	27500	6	127.48719	81.9098	256.6446	46.92624	43.51876	34.85231	35.58827	94.50305
alpha_rarefaction_27500_7.txt	27500	7	126.03172	80.95228	258.59058	46.54384	43.92911	35.82944	36.80884	94.6786
alpha_rarefaction_27500_8.txt	27500	8	127.13692	79.87879	257.30921	47.35563	43.85361	36.6364	35.29489	93.47649
alpha_rarefaction_27500_9.txt	27500	9	126.22372	80.96256	256.96392	46.24629	46.19039	36.02419	37.39264	93.47841
alpha_rarefaction_28500_0.txt	28500	0	126.65653	82.21338	260.18422	46.1455	42.9124	36.91551	36.13526	94.55892
alpha_rarefaction_28500_1.txt	28500	1	126.61527	81.98791	263.27527	45.3321	46.03657	37.28546	36.76695	93.21543
alpha_rarefaction_28500_2.txt	28500	2	126.37369	81.53699	261.18328	46.21292	45.23356	36.83332	37.69717	93.75352
alpha_rarefaction_28500_3.txt	28500	3	127.74306	81.50325	259.33537	46.03328	44.32626	36.85803	36.83946	95.24788
alpha_rarefaction_28500_4.txt	28500	4	126.66676	82.34575	264.03151	46.8826	45.46845	36.72952	35.7358	93.53924
alpha_rarefaction_28500_5.txt	28500	5	127.32591	81.00829	257.701	46.47221	43.50848	37.27989	35.05559	96.37
alpha_rarefaction_28500_6.txt	28500	6	127.04081	82.75268	257.80672	46.37548	45.43459	35.18019	36.32049	96.19595
alpha_rarefaction_28500_7.txt	28500	7	126.9338	83.24949	262.35867	47.4728	46.57968	35.05827	35.65472	95.34123
alpha_rarefaction_28500_8.txt	28500	8	127.38938	82.27778	264.00537	45.98152	45.36164	35.91981	36.56749	93.52486
alpha_rarefaction_28500_9.txt	28500	9	127.19204	81.98629	257.38077	45.98537	44.18351	36.15418	35.4656	93.31753
alpha_rarefaction_29500_0.txt	29500	0	126.01314	80.70093	264.84977	46.39026	44.93585	36.70742	36.50191	94.56161
alpha_rarefaction_29500_1.txt	29500	1	127.60706	82.25696	260.48256	46.96873	43.82246	36.32261	36.17676	94.16249
alpha_rarefaction_29500_2.txt	29500	2	128.59092	81.84285	265.06474	46.22693	44.50042	36.93459	36.36291	95.97209
alpha_rarefaction_29500_3.txt	29500	3	126.83831	81.83226	264.06647	46.57085	44.06024	35.56501	36.66487	94.37745
alpha_rarefaction_29500_4.txt	29500	4	125.30373	83.01108	264.02813	47.06524	44.72172	36.9947	36.90094	96.43735
alpha_rarefaction_29500_5.txt	29500	5	127.43114	80.71062	260.7905	46.87534	44.51779	36.68296	37.73979	95.36912
alpha_rarefaction_29500_6.txt	29500	6	127.63136	82.55197	262.33792	46.54862	44.32878	36.54946	36.77396	93.75342
alpha_rarefaction_29500_7.txt	29500	7	127.99529	81.35381	258.4114	47.20254	45.49738	37.22225	35.82692	95.56295
alpha_rarefaction_29500_8.txt	29500	8	126.68432	81.77265	261.94431	46.65642	44.28461	36.75617	36.4351	95.51665
alpha_rarefaction_29500_9.txt	29500	9	127.09441	82.79561	261.36392	46.97321	45.9787	36.99431	37.32468	93.36616
alpha_rarefaction_30500_0.txt	30500	0	127.2052	81.10405	261.47038	46.59451	44.56627	36.86051	36.46968	93.9292
alpha_rarefaction_30500_1.txt	30500	1	128.95264	82.78733	262.95669	46.54139	45.40013	36.52826	36.44008	93.95918
alpha_rarefaction_30500_2.txt	30500	2	128.82468	83.35548	263.2255	47.17154	44.35447	37.73718	37.27963	96.27883
alpha_rarefaction_30500_3.txt	30500	3	127.7895	83.05226	260.15417	46.78933	44.15667	36.54495	36.27231	95.42987
alpha_rarefaction_30500_4.txt	30500	4	128.41609	81.31221	264.45577	47.6067	45.01475	37.20732	37.41281	95.1709
alpha_rarefaction_30500_5.txt	30500	5	128.81897	83.00725	264.62611	46.58564	46.5901	36.97175	36.12197	92.94468
alpha_rarefaction_30500_6.txt	30500	6	127.41734	82.84291	264.84825	46.4334	44.72008	36.83542	36.75987	95.97918
alpha_rarefaction_30500_7.txt	30500	7	128.75982	82.84047	262.30053	46.8053	43.39053	37.5052	37.6052	96.653
alpha_rarefaction_30500_8.txt	30500	8	127.95691	83.37964	262.57205	47.43843	45.04197	36.92004	36.82111	93.25547
alpha_rarefaction_30500_9.txt	30500	9	127.99661	83.37552	264.30203	47.07785	44.67465	35.77308	36.64339	96.48847
alpha_rarefaction_31500_0.txt	31500	0	128.61492	83.18902	266.00591	47.16391	44.33072	36.83673	36.89342	96.3191
alpha_rarefaction_31500_1.txt	31500	1	127.71935	82.31265	264.46256	46.66405	45.48409	37.24335	37.10138	97.39596
alpha_rarefaction_31500_2.txt	31500	2	129.24603	82.4358	266.39788	46.75649	45.19966	36.25576	37.25552	95.35108
alpha_rarefaction_31500_3.txt	31500	3	127.70221	81.08297	267.93753	47.31253	46.49863	36.89883	35.62996	95.60516
alpha_rarefaction_31500_4.txt	31500	4	129.33047	81.99769	264.65923	47.14953	44.39056	36.96993	37.08376	95.85552
alpha_rarefaction_31500_5.txt	31500	5	128.82858	82.66541	264.97326	47.46554	45.61964	37.34956	37.32255	96.79741
alpha_rarefaction_31500_6.txt	31500	6	127.21004	82.51775	262.56865	45.9937	45.02827	36.48567	37.73162	94.77539
alpha_rarefaction_31500_7.txt	31500	7	127.06853	82.72692	263.09916	47.2241	45.00542	36.9935	36.6914	97.60109
alpha_rarefaction_31500_8.txt	31500	8	128.64065	83.5577	265.70781	46.64493	43.95907	37.32352	36.73176	95.78057
alpha_rarefaction_31500_9.txt	31500	9	129.37293	83.47706	266.26378	46.33401	44.37105	36.72973	36.89	95.20991
alpha_rarefaction_32500_0.txt	32500	0	127.37213	81.78301	265.03904	47.24946	45.29779	37.25153	36.55656	95.69415
alpha_rarefaction_32500_1.txt	32500	1	128.72068	82.88238	265.3592	47.47108	45.67681	37.48253	37.38059	97.04978
alpha_rarefaction_32500_2.txt	32500	2	128.84751	82.73005	266.10155	46.45952	45.3463	36.80492	37.32029	95.39838
alpha_rarefaction_32500_3.txt	32500	3	128.75588	82.65724	268.66174	47.18872	46.3427	37.27052	37.05352	96.07753
alpha_rarefaction_32500_4.txt	32500	4	126.69465	82.26067	267.87988	46.94945	45.86257	36.48257	37.5571	96.28709
alpha_rarefaction_32500_5.txt	32500	5	129.7056	82.74944	268.57613	47.01542	44.44923	36.30539	36.85033	95.82495
alpha_rarefaction_32500_6.txt	32500	6	128.6109	82.44068	266.18853	46.7188	47.4426	35.98967	36.11697	97.48891
alpha_rarefaction_32500_7.txt	32500	7	128.31236	81.89813	266.97224	47.51875	44.83801	36.9825	37.53623	96.85364
alpha_rarefaction_32500_8.txt	32500	8	128.49146	82.64542	267.331	46.51224	45.17214	37.67933	37.7946	95.60605
alpha_rarefaction_32500_9.txt	32500	9	126.57629	83.46749	264.82984	47.4785	45.346	37.01613	37.22283	94.82237
alpha_rarefaction_33500_0.txt	33500	0	128.56322	82.58109	266.74846	47.22228	43.88333	37.46672	36.69508	95.46089
alpha_rarefaction_33500_1.txt	33500	1	129.61449	83.01493	267.33363	46.39432	44.52618	36.57087	37.57286	96.89677
alpha_rarefaction_33500_2.txt	33500	2	128.60074	83.09674	270.57128	47.33957	45.46256	36.88371	35.79786	95.92118
alpha_rarefaction_33500_3.txt	33500	3	127.88442	83.50731	270.42259	47.01629	44.47981	37.2863	36.94203	97.12543
alpha_rarefaction_33500_4.txt	33500	4	129.70756	82.86963	267.50754	46.30297	45.98174	36.51411	37.24041	98.646
alpha_rarefaction_33500_5.txt	33500	5	128.51898	84.31587	271.60334	46.4606	45.7755	36.31146	37.58955	98.53955
alpha_rarefaction_33500_6.txt	33500	6	128.08898	83.06645	268.1666	47.02023	45.82662	37.92385	37.52758	97.21209
alpha_rarefaction_33500_7.txt	33500	7	128.93984	82.40552	269.86435	46.82482	45.60532	36.96304	37.3122	97.31375
alpha_rarefaction_33500_8.txt	33500	8	127.43916	82.13456	269.21206	47.49298	45.30105	37.28139	36.54259	96.29711
alpha_rarefaction_33500_9.txt	33500	9	127.18816	83.48014	272.24298	47.29337	45.16891	37.23143	37.88584	95.86839
alpha_rarefaction_34500_0.txt	34500	0	127.89388	82.79546	272.20559	46.97839	45.19755	37.45859	37.1594	97.36997
alpha_rarefaction_34500_1.txt	34500	1	129.13142	84.66074	270.73857	47.02316	44.14898	37.22326	37.95139	96.10469
alpha_rarefaction_34500_2.txt	34500	2	127.8992	83.08387	271.05353	46.94797	45.49328	36.99074	37.78127	96.10873
alpha_rarefaction_34500_3.txt	34500	3	128.69724	83.07039	270.4778	47.8949	46.76738	37.81849	35.93558	95.90379
alpha_rarefaction_34500_4.txt	34500	4	128.34423	82.89901	271.14898	47.16889	44.0291	37.74099	36.05692	97.67924
alpha_rarefaction_34500_5.txt	34500	5	128.37868	83.43194	271.79343	47.6058	44.93325	36.18294	37.12822	96.64466
alpha_rarefaction_34500_6.txt	34500	6	128.12728	83.1302	271.89785	47.21	46.06799	36.63325	37.08131	97.45554
alpha_rarefaction_34500_7.txt	34500	7	128.51362	83.18787	271.09832	47.10235	46.05523	37.07153	36.77378	97.10702
alpha_rarefaction_34500_8.txt	34500	8	129.49425	83.00861	269.35333	47.32491	45.11311	38.17706	37.7293	99.02525
alpha_rarefaction_34500_9.txt	34500	9	128.29003	84.43134	268.25839	47.21697	46.18372	37.1582	38.80331	97.3401
alpha_rarefaction_35500_0.txt	35500	0	129.06289	83.13371	275.76573	46.63498	45.61333	37.27547	37.8124	95.95141
alpha_rarefaction_35500_1.txt	35500	1	128.1528	83.41212	274.29561	46.46505	46.55449	37.12962	37.2016	98.26378
alpha_rarefaction_35500_2.txt	35500	2	129.59832	84.60954	273.44955	47.27525	45.86657	36.72314	37.14247	98.53145
alpha_rarefaction_35500_3.txt	35500	3	129.5088	82.83193	270.80782	47.31657	45.89183	36.61231	36.68786	98.0611
alpha_rarefaction_35500_4.txt	35500	4	128.81548	83.82372	270.82647	47.45361	46.95721	37.42892	37.62264	98.10742
alpha_rarefaction_35500_5.txt	35500	5	128.89962	84.19461	272.7522	47.19647	45.72763	36.7313	36.55553	96.48099
alpha_rarefaction_35500_6.txt	35500	6	129.45742	83.65326	274.25745	47.21942	47.74779	37.1677	37.00773	98.3915
alpha_rarefaction_35500_7.txt	35500	7	129.31751	83.15349	271.05959	47.90281	45.70878	37.02466	36.35077	98.56367
alpha_rarefaction_35500_8.txt	35500	8	129.92727	83.81256	270.5399	47.37911	47.94124	36.57986	38.02877	98.20619
alpha_rarefaction_35500_9.txt	35500	9	129.37363	83.45194	273.67507	47.11081	44.88521	36.56298	37.21505	96.3001
alpha_rarefaction_36500_0.txt	36500	0	129.57218	83.74285	273.33557	47.84492	46.68298	36.56786	38.4154	97.98693
alpha_rarefaction_36500_1.txt	36500	1	130.18238	83.56066	275.22498	47.81808	46.81111	36.96746	37.56153	98.30728
alpha_rarefaction_36500_2.txt	36500	2	128.9878	83.57918	272.89693	47.93646	45.3606	36.91382	38.29373	98.19661
alpha_rarefaction_36500_3.txt	36500	3	129.43774	83.89948	275.86039	47.25594	45.85667	36.9274	37.2897	97.00087
alpha_rarefaction_36500_4.txt	36500	4	129.76119	83.2729	274.63944	47.8748	45.43654	36.766	37.03181	98.46766
alpha_rarefaction_36500_5.txt	36500	5	130.51458	84.58322	274.44571	46.51015	45.94265	38.10799	37.51908	97.22734
alpha_rarefaction_36500_6.txt	36500	6	128.73365	84.18219	273.44016	47.87612	45.98284	37.63359	37.20515	97.6166
alpha_rarefaction_36500_7.txt	36500	7	130.18036	84.40755	272.49627	46.92935	44.16194	37.59846	37.29413	96.72758
alpha_rarefaction_36500_8.txt	36500	8	130.43618	83.70564	269.22892	47.77701	45.07317	37.60716	37.71953	98.15351
alpha_rarefaction_36500_9.txt	36500	9	130.20585	84.14601	272.47462	46.98438	46.27675	37.52457	37.39644	97.97005
alpha_rarefaction_37500_0.txt	37500	0	130.36402	84.39821	275.58274	47.2667	45.21365	37.4405	37.80093	97.58798
alpha_rarefaction_37500_1.txt	37500	1	129.13241	83.78811	277.70439	47.88545	45.05772	37.81804	37.59959	97.96307
alpha_rarefaction_37500_2.txt	37500	2	128.79754	85.21594	277.75054	47.20312	46.27145	38.25446	36.39955	97.34438
alpha_rarefaction_37500_3.txt	37500	3	130.36692	83.66966	275.53197	47.46854	47.73487	37.793	37.38173	97.56583
alpha_rarefaction_37500_4.txt	37500	4	130.08055	83.84483	276.74273	47.26873	45.39369	36.60346	37.14111	97.18203
alpha_rarefaction_37500_5.txt	37500	5	128.77715	83.40964	274.96012	46.9963	44.71808	37.46894	37.19745	99.42023
alpha_rarefaction_37500_6.txt	37500	6	129.79587	84.1542	275.77125	47.96244	45.07974	36.84544	37.34315	98.05004
alpha_rarefaction_37500_7.txt	37500	7	130.14954	84.54716	275.54128	47.20406	45.96727	37.56549	37.99942	98.07197
alpha_rarefaction_37500_8.txt	37500	8	129.66256	84.14365	276.97524	47.38793	47.10817	37.79285	36.66301	96.22087
alpha_rarefaction_37500_9.txt	37500	9	130.36203	84.3697	275.89204	46.99708	45.39931	37.0612	36.91277	96.78211
alpha_rarefaction_38500_0.txt	38500	0	128.96678	82.68689	274.94129	47.37774	44.99616	36.29213	37.85736	97.95382
alpha_rarefaction_38500_1.txt	38500	1	129.06416	83.79551	278.54385	47.72738	45.97802	37.01183	37.93535	97.20688
alpha_rarefaction_38500_2.txt	38500	2	129.6654	84.05719	277.0773	48.08779	45.88738	37.4422	37.81167	97.42886
alpha_rarefaction_38500_3.txt	38500	3	129.64597	84.20902	279.06018	46.84527	46.53085	37.35726	37.9526	97.99657
alpha_rarefaction_38500_4.txt	38500	4	130.15815	83.7579	278.22964	47.97147	45.87104	36.48452	37.41566	99.94448
alpha_rarefaction_38500_5.txt	38500	5	128.44822	83.94891	275.62498	47.80276	47.3825	38.36908	38.78307	97.72947
alpha_rarefaction_38500_6.txt	38500	6	130.55028	85.34308	275.83306	46.36849	47.36585	36.33118	37.61116	98.74672
alpha_rarefaction_38500_7.txt	38500	7	129.35127	82.88834	275.95986	47.4512	47.39398	37.52753	37.29453	98.42574
alpha_rarefaction_38500_8.txt	38500	8	129.89868	83.07493	276.27913	47.1037	46.85104	36.47344	38.28244	97.37041
alpha_rarefaction_38500_9.txt	38500	9	129.84522	84.36412	279.7602	47.41011	46.26958	38.18278	37.82118	98.3873
alpha_rarefaction_39500_0.txt	39500	0	130.41248	84.29069	278.37518	47.28791	45.94304	36.66672	38.42872	98.63617
alpha_rarefaction_39500_1.txt	39500	1	128.75447	84.38747	278.40517	48.25474	47.51468	37.7035	37.44191	99.02093
alpha_rarefaction_39500_2.txt	39500	2	131.23992	82.94437	275.84085	46.8069	47.32901	37.43676	38.51409	99.84881
alpha_rarefaction_39500_3.txt	39500	3	130.24097	84.08331	277.62191	46.78401	45.69025	37.05195	37.84999	99.53211
alpha_rarefaction_39500_4.txt	39500	4	130.04782	84.81458	280.39685	48.27815	46.99701	37.72144	38.08098	98.60537
alpha_rarefaction_39500_5.txt	39500	5	130.39596	83.94859	278.57931	47.99472	46.92634	37.62253	36.93984	99.43129
alpha_rarefaction_39500_6.txt	39500	6	129.84503	83.97955	275.84786	47.65796	47.09942	37.0259	37.89878	98.62271
alpha_rarefaction_39500_7.txt	39500	7	130.51306	83.30308	277.21208	47.35896	45.0547	38.04038	37.24764	98.28912
alpha_rarefaction_39500_8.txt	39500	8	130.12396	84.12851	277.09028	47.74735	46.97396	37.74731	36.75945	98.30583
alpha_rarefaction_39500_9.txt	39500	9	128.87501	83.36819	277.62324	46.95946	46.79806	36.949	37.9265	98.88586
alpha_rarefaction_40500_0.txt	40500	0	130.71648	83.75079	278.6762	46.93001	45.8057	37.1419	37.36214	99.30661
alpha_rarefaction_40500_1.txt	40500	1	130.32174	84.92628	279.16289	47.56846	46.29895	37.4505	37.81989	99.60839
alpha_rarefaction_40500_2.txt	40500	2	131.28972	84.20236	277.84531	47.10162	46.8522	37.85084	37.80003	100.03524
alpha_rarefaction_40500_3.txt	40500	3	130.29707	84.99355	279.41338	47.56468	47.73003	37.28512	38.52009	99.38416
alpha_rarefaction_40500_4.txt	40500	4	130.37341	83.61168	278.23137	47.19595	48.12903	36.73919	38.43185	100.69834
alpha_rarefaction_40500_5.txt	40500	5	129.61367	84.66231	279.38717	47.85366	46.85288	37.42307	37.90292	100.95156
alpha_rarefaction_40500_6.txt	40500	6	129.55012	83.70743	279.04697	47.46018	47.07501	38.34172	38.8204	100.38464
alpha_rarefaction_40500_7.txt	40500	7	129.99288	84.42189	280.30544	47.4086	47.99442	36.14122	39.11765	98.99089
alpha_rarefaction_40500_8.txt	40500	8	131.10124	85.03819	277.86232	47.84459	47.96048	36.78721	37.88706	100.25427
alpha_rarefaction_40500_9.txt	40500	9	129.02065	83.53127	279.9416	48.06228	45.42591	38.01125	37.9075	99.03548
alpha_rarefaction_41500_0.txt	41500	0	131.39799	83.46057	278.48528	47.86831	48.74804	38.10129	38.36371	101.10313
alpha_rarefaction_41500_1.txt	41500	1	130.66729	83.87448	282.04235	48.1022	47.12845	37.82921	37.1825	99.56023
alpha_rarefaction_41500_2.txt	41500	2	130.58455	84.49895	280.04823	47.34156	47.35588	37.51969	37.75124	98.83588
alpha_rarefaction_41500_3.txt	41500	3	129.46965	83.43467	280.59628	47.47353	45.67071	37.65192	38.57109	98.83919
alpha_rarefaction_41500_4.txt	41500	4	131.13609	84.562	280.15212	47.4975	47.58358	37.79184	39.32113	99.19971
alpha_rarefaction_41500_5.txt	41500	5	129.3422	84.51704	279.6912	47.84778	46.68404	37.5119	37.92769	100.02982
alpha_rarefaction_41500_6.txt	41500	6	131.61682	84.23222	280.26089	48.21399	46.41944	37.07266	38.07086	101.55746
alpha_rarefaction_41500_7.txt	41500	7	130.85018	84.46752	281.39896	48.10631	46.15874	37.17015	39.07525	100.55744
alpha_rarefaction_41500_8.txt	41500	8	130.8809	84.91759	280.86133	47.83698	47.20789	38.03834	38.4277	100.48721
alpha_rarefaction_41500_9.txt	41500	9	130.14082	84.83877	278.76564	47.78251	47.47525	37.41543	38.12832	98.83253
alpha_rarefaction_42500_0.txt	42500	0	129.76461	84.81291	283.96112	47.77952	46.71685	37.53083	37.32282	100.8435
alpha_rarefaction_42500_1.txt	42500	1	130.80008	84.74864	281.9312	47.51047	44.99864	37.81296	37.79426	99.27016
alpha_rarefaction_42500_2.txt	42500	2	130.66502	83.69176	280.37772	47.7029	47.38511	37.85439	38.77652	101.54318
alpha_rarefaction_42500_3.txt	42500	3	130.59645	84.78959	282.42272	47.07734	46.86951	37.16519	38.53365	101.37266
alpha_rarefaction_42500_4.txt	42500	4	130.93489	84.75166	281.62404	48.14283	48.05822	37.23455	37.90999	99.40199
alpha_rarefaction_42500_5.txt	42500	5	130.87761	84.94149	281.13007	47.57874	46.61811	37.2336	38.58276	98.67362
alpha_rarefaction_42500_6.txt	42500	6	130.21949	85.31408	280.72038	47.94311	47.9045	37.84428	39.11706	99.12284
alpha_rarefaction_42500_7.txt	42500	7	130.47848	84.52866	281.35153	47.31206	46.77829	37.91786	37.97653	100.16059
alpha_rarefaction_42500_8.txt	42500	8	130.4648	84.35272	281.81724	48.40935	47.9294	37.18594	37.2848	99.9102
alpha_rarefaction_42500_9.txt	42500	9	131.50423	84.30296	280.72633	47.62175	46.67792	38.01231	37.48392	100.0981
alpha_rarefaction_43500_0.txt	43500	0	130.32621	84.19706	280.86873	47.2363	47.34026	36.90536	37.9282	100.01731
alpha_rarefaction_43500_1.txt	43500	1	129.92595	84.66266	281.18069	47.28168	47.26152	37.39729	38.08459	99.66202
alpha_rarefaction_43500_2.txt	43500	2	131.36619	84.36135	283.30026	47.93678	48.37221	37.98758	38.63665	99.90454
alpha_rarefaction_43500_3.txt	43500	3	130.08025	83.82057	282.72474	47.58833	48.7241	37.79709	39.8456	99.7029
alpha_rarefaction_43500_4.txt	43500	4	131.09089	84.20098	283.9798	47.84062	46.28378	37.04031	38.21545	98.98698
alpha_rarefaction_43500_5.txt	43500	5	131.66902	84.45144	281.22684	47.66153	46.06923	37.53982	38.02053	100.1085
alpha_rarefaction_43500_6.txt	43500	6	131.52434	85.49318	283.01439	48.83029	49.91296	37.51896	38.81191	101.34996
alpha_rarefaction_43500_7.txt	43500	7	130.48479	83.9762	281.48789	47.59654	45.37219	38.47228	38.96933	98.98607
alpha_rarefaction_43500_8.txt	43500	8	131.02377	85.06129	284.46682	47.69802	47.42524	38.03069	38.85269	99.2208
alpha_rarefaction_43500_9.txt	43500	9	130.77948	84.7423	281.21808	47.57973	46.66831	37.39867	38.64145	99.68621
alpha_rarefaction_44500_0.txt	44500	0	131.80675	85.04962	284.15544	48.54739	47.22762	37.42167	38.50396	100.46147
alpha_rarefaction_44500_1.txt	44500	1	130.47278	84.20631	286.09263	47.49656	46.37826	37.88212	39.24432	100.14723
alpha_rarefaction_44500_2.txt	44500	2	130.29082	83.30411	284.16941	48.36358	47.73268	37.73914	38.87524	100.37929
alpha_rarefaction_44500_3.txt	44500	3	130.37099	84.83258	285.2744	47.28626	49.30762	37.72832	38.36309	100.57021
alpha_rarefaction_44500_4.txt	44500	4	130.55327	83.7476	282.29581	47.43022	47.96051	38.10779	38.80615	100.42993
alpha_rarefaction_44500_5.txt	44500	5	130.96626	84.5983	283.43568	47.98678	48.49061	36.70028	37.92606	100.4876
alpha_rarefaction_44500_6.txt	44500	6	131.63731	84.33908	283.15975	47.8565	45.71161	37.38185	38.3259	100.18566
alpha_rarefaction_44500_7.txt	44500	7	130.98158	83.53618	283.75604	48.01326	46.06752	38.6608	37.63747	98.48414
alpha_rarefaction_44500_8.txt	44500	8	130.811	85.2666	282.98102	48.02583	46.03636	37.93079	39.26071	99.56626
alpha_rarefaction_44500_9.txt	44500	9	130.28579	83.98195	285.63908	47.9391	47.73358	37.73157	37.95352	99.83803
alpha_rarefaction_45500_0.txt	45500	0	130.46359	85.73816	282.80542	47.8059	46.80399	37.80333	39.25163	101.20529
alpha_rarefaction_45500_1.txt	45500	1	131.55922	84.84627	284.15031	48.2914	46.14286	37.57866	38.68732	99.25749
alpha_rarefaction_45500_2.txt	45500	2	130.44809	85.12275	283.87785	47.84901	48.37638	37.19718	37.43027	100.50276
alpha_rarefaction_45500_3.txt	45500	3	131.38755	84.91217	285.70088	47.24241	47.52594	38.47884	38.67792	100.77541
alpha_rarefaction_45500_4.txt	45500	4	130.93304	86.08963	287.03378	48.45556	47.62071	37.38884	39.05504	100.0567
alpha_rarefaction_45500_5.txt	45500	5	131.69477	84.45724	284.17647	48.10294	47.35951	38.06036	37.77533	100.74872
alpha_rarefaction_45500_6.txt	45500	6	130.7876	85.43387	283.58134	48.41669	47.20535	38.40781	39.21486	99.54315
alpha_rarefaction_45500_7.txt	45500	7	131.46864	85.40988	284.82778	48.27683	47.94825	37.69956	39.04152	101.10468
alpha_rarefaction_45500_8.txt	45500	8	130.87174	85.4604	284.68284	48.13342	47.22467	37.55483	38.60001	101.09887
alpha_rarefaction_45500_9.txt	45500	9	131.51113	85.07075	285.44031	47.75079	48.51961	37.90506	38.22028	100.59438
alpha_rarefaction_46500_0.txt	46500	0	131.40077	85.26751	284.80868	48.55152	46.43686	37.95896	38.57997	100.04814
alpha_rarefaction_46500_1.txt	46500	1	131.19877	84.34286	286.43208	47.81527	46.62463	38.02369	38.76584	101.65048
alpha_rarefaction_46500_2.txt	46500	2	132.00576	85.42669	285.24733	48.23914	46.32483	37.95437	39.38911	101.65144
alpha_rarefaction_46500_3.txt	46500	3	130.90724	84.86558	285.68763	48.65822	48.10379	38.37836	38.43271	101.09045
alpha_rarefaction_46500_4.txt	46500	4	130.75514	84.34001	285.11496	47.81785	48.5691	38.21629	39.59797	101.12799
alpha_rarefaction_46500_5.txt	46500	5	132.02889	84.70599	287.04871	47.94691	46.90839	38.11392	39.27573	101.50094
alpha_rarefaction_46500_6.txt	46500	6	131.1713	85.67006	285.33126	48.27989	49.59354	37.80483	39.03024	101.7469
alpha_rarefaction_46500_7.txt	46500	7	130.934	85.00413	286.62386	47.085	48.69805	37.55627	38.4071	101.10891
alpha_rarefaction_46500_8.txt	46500	8	131.25165	85.44233	290.11235	47.8703	47.35804	38.2385	38.95318	100.41737
alpha_rarefaction_46500_9.txt	46500	9	131.76209	85.27767	286.208	48.55306	47.3214	37.11014	38.68308	100.61833
alpha_rarefaction_47500_0.txt	47500	0	130.98845	85.30184	290.04052	48.53162	46.89707	37.47877	38.49552	101.70507
alpha_rarefaction_47500_1.txt	47500	1	130.40772	84.71883	285.23966	48.18524	48.41827	38.43546	38.67202	101.27901
alpha_rarefaction_47500_2.txt	47500	2	131.483	85.20419	287.41435	47.76139	48.7967	38.07549	38.59588	101.07587
alpha_rarefaction_47500_3.txt	47500	3	131.18049	84.77585	285.89686	47.90655	47.41686	37.61698	38.84388	101.01485
alpha_rarefaction_47500_4.txt	47500	4	130.64279	84.80687	287.32983	48.22313	49.2244	37.86877	38.76377	102.01761
alpha_rarefaction_47500_5.txt	47500	5	131.48267	84.81598	286.92752	48.20404	47.02435	37.93898	39.03192	101.21554
alpha_rarefaction_47500_6.txt	47500	6	131.35921	85.28891	286.61618	47.575	45.7882	38.2049	39.14061	101.87132
alpha_rarefaction_47500_7.txt	47500	7	130.90348	84.8832	289.70084	48.31413	47.53936	37.84698	39.79171	101.83308
alpha_rarefaction_47500_8.txt	47500	8	131.05437	85.10905	285.82025	47.20687	48.22436	37.29607	38.08268	101.52401
alpha_rarefaction_47500_9.txt	47500	9	132.02933	84.67178	287.49329	47.96253	49.0486	37.99002	39.01311	101.79613
alpha_rarefaction_48500_0.txt	48500	0	130.6019	85.79343	287.82466	47.25766	47.78645	37.84123	39.23973	102.92674
alpha_rarefaction_48500_1.txt	48500	1	131.42902	85.16238	286.41684	48.17393	47.75386	38.08711	38.43196	102.48072
alpha_rarefaction_48500_2.txt	48500	2	131.35513	85.3427	289.84003	47.81649	48.77981	37.47873	39.52331	100.80738
alpha_rarefaction_48500_3.txt	48500	3	131.64721	84.72376	285.849	48.37198	48.21391	38.11591	37.77829	100.3097
alpha_rarefaction_48500_4.txt	48500	4	130.89351	85.37209	287.11361	48.1874	47.25728	37.79533	39.30805	100.42814
alpha_rarefaction_48500_5.txt	48500	5	132.1236	84.98147	287.93638	48.58106	47.31143	38.29389	38.28091	102.21503
alpha_rarefaction_48500_6.txt	48500	6	131.03305	85.66093	286.544	48.44049	48.3945	38.69253	38.65753	101.11314
alpha_rarefaction_48500_7.txt	48500	7	131.76614	84.79523	288.4858	47.84318	48.36544	37.53209	39.33192	103.91604
alpha_rarefaction_48500_8.txt	48500	8	131.97577	84.65693	287.50236	47.9721	47.81494	38.69464	37.76929	101.31027
alpha_rarefaction_48500_9.txt	48500	9	131.54027	84.9018	287.92468	48.29349	46.98953	38.14745	38.90753	101.58893
alpha_rarefaction_49500_0.txt	49500	0	131.07399	85.50338	288.27995	48.3243	49.03513	38.10202	39.18447	100.2359
alpha_rarefaction_49500_1.txt	49500	1	131.89359	85.70419	290.22764	48.83073	46.84351	38.0962	38.94409	100.47349
alpha_rarefaction_49500_2.txt	49500	2	131.08952	84.73614	289.62927	48.14272	47.81273	37.52294	39.34921	102.4255
alpha_rarefaction_49500_3.txt	49500	3	132.01667	85.81922	287.52485	48.55581	47.99719	38.52892	38.04594	101.44517
alpha_rarefaction_49500_4.txt	49500	4	132.42204	85.09597	288.69457	47.58807	48.06082	38.43872	39.15679	102.55947
alpha_rarefaction_49500_5.txt	49500	5	131.55258	85.92717	288.08008	48.069	47.5593	37.35777	38.74843	100.93853
alpha_rarefaction_49500_6.txt	49500	6	132.01717	85.56716	289.44177	47.78943	48.15152	37.83838	39.21564	102.37899
alpha_rarefaction_49500_7.txt	49500	7	131.91638	85.81619	289.03043	48.07342	48.01769	38.07074	38.23538	102.64455
alpha_rarefaction_49500_8.txt	49500	8	131.8548	85.3344	289.28823	48.46341	48.01778	38.20776	38.02896	101.63902
alpha_rarefaction_49500_9.txt	49500	9	131.5394	84.88101	286.18227	47.52239	47.35382	37.99171	39.07757	102.25268
alpha_rarefaction_50500_0.txt	50500	0	131.77037	85.64339	290.30712	48.02114	47.34128	37.9803	39.24658	102.48955
alpha_rarefaction_50500_1.txt	50500	1	131.34558	85.04629	287.94962	48.77793	48.95199	38.27258	39.37091	102.55282
alpha_rarefaction_50500_2.txt	50500	2	130.63503	85.34882	287.52672	48.55869	48.18412	37.57305	38.945	102.0481
alpha_rarefaction_50500_3.txt	50500	3	131.77028	85.50291	288.95238	48.40951	48.47878	38.06469	39.69682	101.34103
alpha_rarefaction_50500_4.txt	50500	4	131.68515	85.37511	289.39464	48.39933	48.27522	37.869	37.83867	101.80519
alpha_rarefaction_50500_5.txt	50500	5	131.36688	84.57039	288.61454	48.59894	50.14794	38.68737	39.00218	101.99361
alpha_rarefaction_50500_6.txt	50500	6	132.29472	85.21102	288.17781	48.868	48.49	38.62042	39.59386	102.37561
alpha_rarefaction_50500_7.txt	50500	7	132.60821	85.19496	289.66143	48.30644	47.56553	37.32111	39.34788	101.78997
alpha_rarefaction_50500_8.txt	50500	8	131.55012	85.93721	290.06068	48.03695	46.81667	38.61538	38.26162	100.58335
alpha_rarefaction_50500_9.txt	50500	9	132.13057	85.73233	289.44541	48.06642	49.37922	38.29858	39.22623	102.90487
alpha_rarefaction_51500_0.txt	51500	0	131.96382	85.88355	289.98757	48.17228	47.39921	37.53075	39.55872	102.50492
alpha_rarefaction_51500_1.txt	51500	1	132.04763	85.9994	289.6285	48.22257	50.00967	37.50518	39.07162	101.99941
alpha_rarefaction_51500_2.txt	51500	2	131.45924	85.88791	290.48334	48.13265	47.30528	38.11882	38.77327	103.5204
alpha_rarefaction_51500_3.txt	51500	3	131.51648	85.63107	290.73058	48.21226	47.32827	38.19883	39.85397	102.76734
alpha_rarefaction_51500_4.txt	51500	4	131.77526	84.80244	289.39727	48.88991	48.57327	38.22948	39.57018	102.9745
alpha_rarefaction_51500_5.txt	51500	5	131.92009	85.55839	290.25187	48.33801	49.04569	38.10364	38.33232	103.67941
alpha_rarefaction_51500_6.txt	51500	6	131.9948	86.30917	287.96134	48.32551	49.06643	38.40825	39.48184	101.90171
alpha_rarefaction_51500_7.txt	51500	7	132.2095	85.40864	290.68079	48.19092	46.81623	38.15068	39.0029	102.93501
alpha_rarefaction_51500_8.txt	51500	8	131.49051	85.19611	290.07118	48.70101	49.02476	38.5005	39.43677	103.121
alpha_rarefaction_51500_9.txt	51500	9	132.14987	84.48428	289.76093	48.39612	48.85059	37.7993	39.40075	102.3904
alpha_rarefaction_52500_0.txt	52500	0	132.18353	85.52574	292.27375	48.06502	48.41629	38.45289	39.17579	103.24807
alpha_rarefaction_52500_1.txt	52500	1	131.61597	85.90101	289.27686	47.71976	46.83502	38.87297	38.78429	100.95085
alpha_rarefaction_52500_2.txt	52500	2	131.34004	85.98452	291.4504	48.51083	48.19126	38.61668	39.47874	101.69004
alpha_rarefaction_52500_3.txt	52500	3	130.1333	86.08825	290.26494	48.61357	48.58279	38.22416	39.53892	102.76999
alpha_rarefaction_52500_4.txt	52500	4	132.4923	85.8602	289.60105	48.98011	49.06047	37.49008	39.9494	102.14352
alpha_rarefaction_52500_5.txt	52500	5	132.46999	85.03717	290.91972	48.49579	49.68655	38.47902	39.09694	102.28024
alpha_rarefaction_52500_6.txt	52500	6	131.81139	84.92505	290.75892	48.49319	49.86393	38.75902	38.95159	101.75924
alpha_rarefaction_52500_7.txt	52500	7	132.1842	86.5689	291.06822	48.74001	47.77386	37.93645	39.38532	101.19828
alpha_rarefaction_52500_8.txt	52500	8	131.81005	85.01135	290.76171	48.92201	49.88447	38.43331	38.3437	102.29882
alpha_rarefaction_52500_9.txt	52500	9	131.91854	85.83835	291.73088	48.56994	48.05893	38.3534	39.56623	101.75758
alpha_rarefaction_53500_0.txt	53500	0	131.86858	85.95117	293.32203	48.97886	47.63329	38.26671	38.69131	103.68065
alpha_rarefaction_53500_1.txt	53500	1	131.99187	85.70066	291.46123	48.84896	48.88721	38.0889	39.76959	102.97737
alpha_rarefaction_53500_2.txt	53500	2	131.48572	85.6334	290.97473	48.45421	48.07322	38.82812	39.48463	104.00626
alpha_rarefaction_53500_3.txt	53500	3	132.14866	85.62087	293.31638	48.56607	48.56494	38.74554	39.65604	103.2263
alpha_rarefaction_53500_4.txt	53500	4	132.25713	86.37013	291.71296	49.01225	48.85311	38.56892	38.95064	101.40783
alpha_rarefaction_53500_5.txt	53500	5	131.3243	85.388	292.06355	48.51103	48.35917	37.75193	39.40848	101.89511
alpha_rarefaction_53500_6.txt	53500	6	131.6479	85.14333	291.65734	48.24392	48.39124	38.56495	39.56353	103.54774
alpha_rarefaction_53500_7.txt	53500	7	131.356	86.05638	292.43515	48.1511	47.69761	38.46768	39.38411	103.56579
alpha_rarefaction_53500_8.txt	53500	8	132.1837	85.96398	292.44555	48.74921	48.31806	38.00787	39.02758	102.172
alpha_rarefaction_53500_9.txt	53500	9	132.09004	86.04744	289.58234	47.31672	49.69064	38.14811	39.50441	102.10646
alpha_rarefaction_54500_0.txt	54500	0	131.34948	86.13224	293.16869	48.05637	47.83528	37.90377	39.00644	103.38213
alpha_rarefaction_54500_1.txt	54500	1	132.41447	85.77307	292.1443	48.18838	48.87429	38.53135	38.36581	103.53623
alpha_rarefaction_54500_2.txt	54500	2	132.02066	86.39767	292.96392	47.52473	48.35196	38.48832	39.33416	103.36849
alpha_rarefaction_54500_3.txt	54500	3	132.43164	85.2671	294.01402	48.59082	48.97601	38.52799	39.2021	103.60675
alpha_rarefaction_54500_4.txt	54500	4	132.34857	85.2668	291.70385	48.49381	48.60949	38.56437	39.84174	101.99734
alpha_rarefaction_54500_5.txt	54500	5	132.00651	85.11612	293.32296	48.74178	50.55527	38.41728	39.75429	102.26308
alpha_rarefaction_54500_6.txt	54500	6	132.64528	84.51846	293.2192	48.50365	49.90436	38.52224	38.93571	102.40119
alpha_rarefaction_54500_7.txt	54500	7	131.43935	85.95115	292.28793	48.53499	48.35757	38.15992	40.1014	101.78832
alpha_rarefaction_54500_8.txt	54500	8	132.33394	85.8593	292.31018	48.14328	49.66231	38.1002	38.66722	102.40196
alpha_rarefaction_54500_9.txt	54500	9	132.47624	86.23048	291.53334	48.9195	49.00715	38.52546	39.63474	103.40964
alpha_rarefaction_55500_0.txt	55500	0	132.24076	86.23555	292.94081	48.12182	48.82913	38.41297	39.23884	102.72031
alpha_rarefaction_55500_1.txt	55500	1	133.08891	85.19128	293.97366	48.10994	48.55236	38.05838	39.04121	102.51171
alpha_rarefaction_55500_2.txt	55500	2	132.34779	85.41201	292.13935	48.85296	48.13251	38.53943	39.58944	102.67113
alpha_rarefaction_55500_3.txt	55500	3	131.63276	86.01006	294.83136	49.04933	47.47977	38.58025	38.77435	103.52828
alpha_rarefaction_55500_4.txt	55500	4	132.62114	85.78241	294.69298	48.44727	48.86116	38.17304	39.61431	103.0217
alpha_rarefaction_55500_5.txt	55500	5	132.00457	85.88049	294.24381	49.11367	46.7226	37.79829	39.41454	103.21055
alpha_rarefaction_55500_6.txt	55500	6	132.12076	85.75582	293.72848	48.01075	48.06542	38.43308	39.38771	102.90777
alpha_rarefaction_55500_7.txt	55500	7	131.77975	85.8852	294.9585	48.08643	49.95204	38.28131	39.45765	103.74928
alpha_rarefaction_55500_8.txt	55500	8	132.48296	86.14654	292.71506	48.50867	48.1481	38.84082	38.93794	103.98473
alpha_rarefaction_55500_9.txt	55500	9	132.67436	85.59079	294.69615	47.81916	50.13355	38.24333	39.20475	102.17798
alpha_rarefaction_56500_0.txt	56500	0	132.11643	86.02772	293.48137	48.57309	49.14069	37.77958	39.89485	102.83644
alpha_rarefaction_56500_1.txt	56500	1	132.28504	86.2263	295.18936	48.38363	50.26736	38.65591	39.54715	101.8502
alpha_rarefaction_56500_2.txt	56500	2	132.29979	85.81349	293.66229	48.28869	51.14671	39.13855	39.49209	103.02959
alpha_rarefaction_56500_3.txt	56500	3	131.57282	85.88466	293.73201	48.6638	49.94807	38.62453	39.7845	102.99678
alpha_rarefaction_56500_4.txt	56500	4	132.89545	85.90106	293.78629	48.46968	48.42378	38.13473	39.74856	102.7183
alpha_rarefaction_56500_5.txt	56500	5	131.47111	85.96337	291.59404	49.18465	49.1727	37.84756	39.26838	103.09728
alpha_rarefaction_56500_6.txt	56500	6	131.66649	85.88352	295.89904	48.88177	50.54484	38.67081	39.86676	102.57953
alpha_rarefaction_56500_7.txt	56500	7	132.68417	85.77998	294.90157	48.569	46.98308	38.70648	39.88136	102.0023
alpha_rarefaction_56500_8.txt	56500	8	132.11823	86.02715	293.75737	48.65609	49.60113	38.56994	39.92013	104.15061
alpha_rarefaction_56500_9.txt	56500	9	132.2083	86.34909	293.61523	48.56265	49.23405	38.37806	40.34284	102.4315
alpha_rarefaction_57500_0.txt	57500	0	132.26916	86.10197	293.1889	48.3495	50.15674	38.28512	38.73553	103.61605
alpha_rarefaction_57500_1.txt	57500	1	132.79689	85.85639	293.58773	48.65148	50.81195	38.16386	40.12488	103.41007
alpha_rarefaction_57500_2.txt	57500	2	131.95569	85.61245	295.43149	48.98705	48.9923	38.66873	39.66199	104.5184
alpha_rarefaction_57500_3.txt	57500	3	132.11907	85.72534	293.92004	48.24211	47.83186	38.16384	38.84094	104.34446
alpha_rarefaction_57500_4.txt	57500	4	132.60711	85.7467	295.34667	48.60797	49.57674	38.11892	40.07061	103.75594
alpha_rarefaction_57500_5.txt	57500	5	132.59136	86.24594	294.74977	48.36285	49.33185	38.653	38.93892	104.3712
alpha_rarefaction_57500_6.txt	57500	6	131.75115	86.41023	292.53991	48.78673	49.07191	38.61815	39.90577	103.13937
alpha_rarefaction_57500_7.txt	57500	7	132.48957	86.10381	293.07834	48.44349	48.39326	38.65474	40.02407	102.12521
alpha_rarefaction_57500_8.txt	57500	8	132.10279	85.68887	293.6202	48.24128	49.78421	37.68196	39.66074	103.70571
alpha_rarefaction_57500_9.txt	57500	9	132.00325	85.69686	294.17956	48.52818	49.6244	37.63682	39.87098	102.26176
alpha_rarefaction_58500_0.txt	58500	0	132.65577	86.23974	294.26017	48.5663	49.30194	38.51434	40.01619	103.77527
alpha_rarefaction_58500_1.txt	58500	1	132.49484	86.04219	294.32145	48.87215	48.56803	38.99015	40.25021	103.96702
alpha_rarefaction_58500_2.txt	58500	2	132.60145	85.93046	295.46052	48.85626	49.67155	38.59683	40.13818	102.90973
alpha_rarefaction_58500_3.txt	58500	3	132.04082	86.26388	295.46886	49.36346	50.19696	38.67871	39.19463	104.78179
alpha_rarefaction_58500_4.txt	58500	4	132.68887	86.5122	294.526	48.37041	49.91063	38.58352	39.61386	102.17943
alpha_rarefaction_58500_5.txt	58500	5	132.70898	85.99931	293.84704	48.69918	49.80314	38.49145	39.69771	103.49773
alpha_rarefaction_58500_6.txt	58500	6	132.64812	86.19392	294.81271	48.9003	49.33517	38.61551	39.94669	103.55441
alpha_rarefaction_58500_7.txt	58500	7	132.58204	86.02187	296.19361	49.0499	50.2231	38.44888	39.96427	103.98047
alpha_rarefaction_58500_8.txt	58500	8	132.39504	86.90724	295.28447	49.02202	50.34275	39.13313	39.57042	102.94193
alpha_rarefaction_58500_9.txt	58500	9	132.80769	86.54809	293.3522	48.87095	48.13993	38.73773	39.51501	103.64365
alpha_rarefaction_59500_0.txt	59500	0	132.73304	86.3617	295.639	49.43724	49.42962	39.13924	40.04825	105.24622
alpha_rarefaction_59500_1.txt	59500	1	132.40726	86.19585	295.87546	48.92129	50.50377	38.29286	39.81592	104.21432
alpha_rarefaction_59500_2.txt	59500	2	132.39783	86.21479	295.17827	48.52077	49.09288	38.79849	39.61537	103.23692
alpha_rarefaction_59500_3.txt	59500	3	132.7771	85.91724	296.26412	48.85147	48.68034	38.51296	39.76099	103.82174
alpha_rarefaction_59500_4.txt	59500	4	132.18819	85.83092	295.87368	49.3261	48.38192	38.88248	39.71199	103.10588
alpha_rarefaction_59500_5.txt	59500	5	132.37989	86.42965	294.70311	48.99697	48.07434	38.53938	39.26295	103.16693
alpha_rarefaction_59500_6.txt	59500	6	131.87547	86.86513	296.13049	49.07616	49.66555	38.85564	40.20976	104.04283
alpha_rarefaction_59500_7.txt	59500	7	132.50747	86.53878	295.78188	48.471	48.80517	38.45183	39.609	103.79615
alpha_rarefaction_59500_8.txt	59500	8	132.9014	86.37142	296.5395	48.65836	47.60895	38.33315	39.54781	104.01251
alpha_rarefaction_59500_9.txt	59500	9	132.4651	86.43039	295.42748	48.94244	49.55188	39.08299	39.93648	104.05472
alpha_rarefaction_60500_0.txt	60500	0	132.31669	85.9095	296.04774	49.12984	49.77374	38.49339	39.90432	103.53112
alpha_rarefaction_60500_1.txt	60500	1	132.43842	85.70841	295.27746	48.59838	48.42122	38.46332	40.13619	103.46801
alpha_rarefaction_60500_2.txt	60500	2	132.14365	86.46793	296.9961	48.45641	50.07085	39.10593	39.39759	104.41268
alpha_rarefaction_60500_3.txt	60500	3	132.66701	85.55456	296.19515	48.67523	49.05644	39.02317	39.2951	104.65738
alpha_rarefaction_60500_4.txt	60500	4	133.09991	86.09902	295.22436	48.33175	49.676	38.6932	40.21512	104.26064
alpha_rarefaction_60500_5.txt	60500	5	132.94234	86.69981	295.10084	48.88546	49.35185	38.60586	39.92118	103.94361
alpha_rarefaction_60500_6.txt	60500	6	131.69982	86.07999	297.41327	48.05409	47.99101	38.91455	39.58587	104.38793
alpha_rarefaction_60500_7.txt	60500	7	133.14999	86.26682	296.20685	49.15727	49.00078	38.68448	39.81157	103.0172
alpha_rarefaction_60500_8.txt	60500	8	132.60547	85.96998	296.88848	48.34292	49.52858	38.34954	39.68266	105.24119
alpha_rarefaction_60500_9.txt	60500	9	132.19126	86.552	297.21002	49.26261	49.68583	39.03108	40.02568	103.52225
alpha_rarefaction_61500_0.txt	61500	0	132.44015	86.59366	296.31225	48.5773	49.02103	38.62189	40.27795	104.29471
alpha_rarefaction_61500_1.txt	61500	1	133.03189	85.76104	297.34922	48.5377	49.5229	38.78358	39.88408	105.03323
alpha_rarefaction_61500_2.txt	61500	2	132.85825	86.34864	296.45873	48.84801	50.68982	39.00865	40.18189	103.68301
alpha_rarefaction_61500_3.txt	61500	3	132.38731	86.13023	298.15163	48.88147	48.51764	38.59645	39.72906	104.14443
alpha_rarefaction_61500_4.txt	61500	4	132.82542	85.79699	296.8504	49.06137	49.88018	38.61649	40.21025	104.26577
alpha_rarefaction_61500_5.txt	61500	5	131.65658	86.35118	295.76513	49.56424	48.86449	38.5507	39.84183	103.36117
alpha_rarefaction_61500_6.txt	61500	6	132.63554	86.28536	297.04177	49.12938	48.96403	38.54808	40.09189	104.43667
alpha_rarefaction_61500_7.txt	61500	7	132.87255	86.2129	297.08245	49.01779	49.34221	38.5899	40.14248	104.57395
alpha_rarefaction_61500_8.txt	61500	8	132.21093	86.20092	296.9129	48.6513	50.42388	38.51138	40.2393	103.77489
alpha_rarefaction_61500_9.txt	61500	9	131.54573	86.43286	296.58431	48.92024	49.37683	38.4997	39.79159	104.34212
alpha_rarefaction_62500_0.txt	62500	0	132.30107	85.95159	295.94686	48.54123	50.30814	38.64805	40.24318	104.67789
alpha_rarefaction_62500_1.txt	62500	1	132.99978	86.18394	296.65587	48.99746	49.71859	38.36727	39.83241	103.53639
alpha_rarefaction_62500_2.txt	62500	2	132.74081	86.25798	296.19104	48.84205	48.47066	39.04362	40.23089	104.91781
alpha_rarefaction_62500_3.txt	62500	3	132.4462	86.95285	296.30679	49.0686	49.05021	39.12435	39.69542	103.97973
alpha_rarefaction_62500_4.txt	62500	4	133.01257	86.2957	296.31138	48.84707	50.49901	39.03289	40.54795	103.85841
alpha_rarefaction_62500_5.txt	62500	5	132.44972	86.55372	296.48792	48.84824	49.68663	38.97552	40.0786	104.85668
alpha_rarefaction_62500_6.txt	62500	6	132.58011	86.61239	297.84747	49.13854	50.29834	39.00942	40.24199	104.78876
alpha_rarefaction_62500_7.txt	62500	7	132.80105	86.1548	297.71722	49.1566	48.8104	38.73368	40.37634	104.75418
alpha_rarefaction_62500_8.txt	62500	8	132.60781	86.20768	297.8064	48.91923	48.69308	38.74396	40.31998	103.94061
alpha_rarefaction_62500_9.txt	62500	9	132.86535	86.50859	295.75497	48.7874	50.43114	38.6675	39.35604	104.65151
alpha_rarefaction_63500_0.txt	63500	0	132.83655	86.8459	297.59719	48.84112	50.83003	38.88324	40.49891	104.51678
alpha_rarefaction_63500_1.txt	63500	1	132.5791	86.45024	297.99509	48.86393	50.21119	39.03091	39.75051	103.84405
alpha_rarefaction_63500_2.txt	63500	2	133.24146	86.05445	296.95318	49.1509	47.49581	39.20699	39.29061	103.13381
alpha_rarefaction_63500_3.txt	63500	3	132.60245	86.77793	298.25288	48.58397	48.73264	39.13634	39.98165	104.89789
alpha_rarefaction_63500_4.txt	63500	4	133.13928	86.60009	297.15111	48.71668	49.59851	38.78316	39.63175	106.27706
alpha_rarefaction_63500_5.txt	63500	5	132.9995	86.6474	297.29471	48.98365	50.60446	39.04315	40.08188	103.80063
alpha_rarefaction_63500_6.txt	63500	6	132.33643	86.627	297.14083	49.27818	49.14879	38.80561	40.54958	105.56615
alpha_rarefaction_63500_7.txt	63500	7	132.5492	86.34816	295.88571	48.92549	49.90101	38.79739	40.42355	104.46556
alpha_rarefaction_63500_8.txt	63500	8	132.53262	86.57811	297.45688	48.46123	48.84036	38.57656	40.17297	105.60384
alpha_rarefaction_63500_9.txt	63500	9	133.04217	86.10552	297.63204	49.55037	49.22798	39.08859	39.14825	103.75681
alpha_rarefaction_64500_0.txt	64500	0	132.58769	86.52196	298.60912	49.12322	50.44156	38.4148	39.84293	104.29298
alpha_rarefaction_64500_1.txt	64500	1	133.08316	86.33013	297.90002	49.16389	50.58842	38.29334	40.44642	104.17311
alpha_rarefaction_64500_2.txt	64500	2	132.70894	86.44029	298.21855	48.82313	49.70143	38.98599	40.03322	104.00489
alpha_rarefaction_64500_3.txt	64500	3	132.7228	86.2624	298.81242	49.14562	48.21283	38.94481	40.06979	104.43814
alpha_rarefaction_64500_4.txt	64500	4	133.0062	86.50177	298.46014	48.35558	48.74032	38.46717	39.35604	104.1569
alpha_rarefaction_64500_5.txt	64500	5	133.30119	86.52146	297.44078	48.51919	49.45128	38.71057	40.04854	103.30567
alpha_rarefaction_64500_6.txt	64500	6	132.784	86.56105	297.59428	48.73761	49.05689	38.36179	39.58516	103.75462
alpha_rarefaction_64500_7.txt	64500	7	132.67306	86.4584	298.01955	48.89083	48.86623	38.65058	40.29099	104.40521
alpha_rarefaction_64500_8.txt	64500	8	132.78162	86.83312	298.45953	48.79119	50.02933	38.85885	39.94157	104.77619
alpha_rarefaction_64500_9.txt	64500	9	133.17057	86.3679	299.18959	48.50225	49.36509	39.26384	39.91738	105.09462
alpha_rarefaction_65500_0.txt	65500	0	132.93402	86.65226	298.52284	48.97865	48.34903	38.67117	40.33618	104.81882
alpha_rarefaction_65500_1.txt	65500	1	133.07294	86.38536	297.80731	48.45097	49.59691	38.77251	39.92494	105.79652
alpha_rarefaction_65500_2.txt	65500	2	132.84304	86.35747	299.15836	49.06371	49.00095	38.8916	40.35143	105.83617
alpha_rarefaction_65500_3.txt	65500	3	132.74178	86.37721	298.27909	49.22674	49.87376	38.82431	39.19901	104.79548
alpha_rarefaction_65500_4.txt	65500	4	132.94974	86.54818	298.27645	49.01821	50.69315	38.69469	40.07358	105.85047
alpha_rarefaction_65500_5.txt	65500	5	133.51323	86.92921	298.34135	49.30381	49.91585	39.13123	39.5798	104.66027
alpha_rarefaction_65500_6.txt	65500	6	132.92436	86.61676	298.40489	48.38859	51.18617	38.5847	40.449	105.4727
alpha_rarefaction_65500_7.txt	65500	7	132.57738	86.55989	298.58012	49.02653	50.48421	38.94953	40.34658	105.16368
alpha_rarefaction_65500_8.txt	65500	8	132.88417	86.73257	297.86597	49.20859	49.14444	39.25114	40.60539	105.12359
alpha_rarefaction_65500_9.txt	65500	9	132.80631	86.61835	297.47876	49.13643	48.95999	38.3912	40.14886	104.81196
alpha_rarefaction_66500_0.txt	66500	0	133.19611	85.33172	298.49099	49.16345	49.38364	39.16787	40.21614	105.35711
alpha_rarefaction_66500_1.txt	66500	1	133.06398	86.64526	298.12708	49.01757	50.70466	38.96893	40.19013	104.94745
alpha_rarefaction_66500_2.txt	66500	2	132.65146	86.70735	298.72795	48.9028	49.53333	38.95838	40.18829	104.74765
alpha_rarefaction_66500_3.txt	66500	3	133.84666	86.71542	298.96692	48.99164	50.08306	38.98829	40.27264	103.8895
alpha_rarefaction_66500_4.txt	66500	4	133.06306	86.41108	299.20842	49.00037	51.23014	38.64053	40.32788	105.00711
alpha_rarefaction_66500_5.txt	66500	5	132.38118	86.64799	299.22398	48.85902	50.58971	39.17856	40.47359	105.98153
alpha_rarefaction_66500_6.txt	66500	6	132.74483	86.58397	298.09192	49.2712	51.07013	39.02336	39.49052	104.20315
alpha_rarefaction_66500_7.txt	66500	7	132.66073	86.95871	298.28115	49.1891	50.43102	39.1096	39.99488	104.77578
alpha_rarefaction_66500_8.txt	66500	8	133.15016	86.31044	299.15256	49.21658	49.14861	38.84402	40.12064	105.37056
alpha_rarefaction_66500_9.txt	66500	9	133.19466	86.8372	298.74118	49.34022	50.99507	38.95386	40.46128	105.94892
alpha_rarefaction_67500_0.txt	67500	0	132.82939	85.70462	298.34614	49.04261	48.38032	39.23099	40.18449	105.38504
alpha_rarefaction_67500_1.txt	67500	1	133.24177	85.94889	299.45684	49.56399	50.24364	38.77364	40.40787	105.7785
alpha_rarefaction_67500_2.txt	67500	2	133.75676	86.58393	299.86875	49.41086	49.547	38.88452	40.56594	104.7053
alpha_rarefaction_67500_3.txt	67500	3	133.02512	86.48198	299.07914	49.53236	48.5218	39.03894	40.28865	105.74589
alpha_rarefaction_67500_4.txt	67500	4	133.11536	86.97439	298.98215	48.74389	50.49638	39.149	40.32605	105.12246
alpha_rarefaction_67500_5.txt	67500	5	133.59971	86.67997	299.00407	49.32931	50.50007	39.17113	40.61945	105.26639
alpha_rarefaction_67500_6.txt	67500	6	133.08277	86.7618	299.27179	49.02437	51.09355	38.78036	40.44418	105.38017
alpha_rarefaction_67500_7.txt	67500	7	133.001	86.47267	299.87215	49.30548	48.12836	39.34972	40.26271	104.00054
alpha_rarefaction_67500_8.txt	67500	8	133.29858	86.2983	299.17253	49.2509	49.6273	38.84348	40.33682	105.0349
alpha_rarefaction_67500_9.txt	67500	9	132.55923	86.28537	298.67948	49.34249	48.97041	38.91969	40.02036	104.60844
alpha_rarefaction_68500_0.txt	68500	0	133.33359	86.84706	299.08992	49.18141	50.32561	39.29704	40.19621	104.43628
alpha_rarefaction_68500_1.txt	68500	1	133.62592	86.45281	299.21437	49.40121	50.71722	39.02751	40.63278	104.78292
alpha_rarefaction_68500_2.txt	68500	2	133.2615	86.35624	300.56561	49.06515	51.34371	38.69822	40.45436	104.62865
alpha_rarefaction_68500_3.txt	68500	3	133.05014	87.0617	299.62942	49.21515	49.99877	39.11201	40.34531	104.50952
alpha_rarefaction_68500_4.txt	68500	4	133.06241	86.63801	299.84141	49.31816	51.89665	39.34972	40.22211	105.43864
alpha_rarefaction_68500_5.txt	68500	5	132.98848	86.85059	299.38014	49.08791	49.58077	39.34972	40.48885	104.32939
alpha_rarefaction_68500_6.txt	68500	6	133.04505	86.63857	299.34459	48.72374	50.70789	39.23974	40.60539	105.83854
alpha_rarefaction_68500_7.txt	68500	7	132.73545	86.44736	298.65099	49.37966	50.42093	38.88051	39.69322	105.60924
alpha_rarefaction_68500_8.txt	68500	8	133.32235	86.67792	299.6498	49.35037	51.57825	39.25116	40.40926	106.4759
alpha_rarefaction_68500_9.txt	68500	9	133.00816	86.37892	299.58127	48.9483	49.93208	39.22152	40.2524	105.48981
alpha_rarefaction_69500_0.txt	69500	0	133.21093	86.84866	298.79893	49.03302	50.13005	39.05779	40.41532	105.18848
alpha_rarefaction_69500_1.txt	69500	1	133.13822	86.4082	299.92829	48.92306	50.44784	38.99758	40.56771	105.78658
alpha_rarefaction_69500_2.txt	69500	2	133.3097	86.21294	300.21034	49.50238	50.94674	39.01354	40.57626	106.45381
alpha_rarefaction_69500_3.txt	69500	3	133.31266	86.68564	299.23494	49.17431	50.15344	39.34972	40.58979	105.42576
alpha_rarefaction_69500_4.txt	69500	4	133.64288	86.75324	299.53226	49.01179	50.4991	39.24044	40.421	105.7664
alpha_rarefaction_69500_5.txt	69500	5	132.6958	86.54253	298.47346	49.35765	51.01167	39.0373	40.40064	105.56
alpha_rarefaction_69500_6.txt	69500	6	133.47898	86.83311	300.06162	48.97039	50.56545	39.3366	40.2406	105.22907
alpha_rarefaction_69500_7.txt	69500	7	133.01554	86.58454	299.09568	49.37449	49.6337	39.34972	40.39326	105.8827
alpha_rarefaction_69500_8.txt	69500	8	132.74857	86.8353	300.08055	49.12787	52.19966	39.30063	40.4233	104.6703
alpha_rarefaction_69500_9.txt	69500	9	132.476	86.68618	300.4876	49.16325	50.04466	39.08016	40.63262	105.86865
alpha_rarefaction_70500_0.txt	70500	0	133.46524	86.56619	299.6238	48.94427	51.15306	39.11348	40.18784	105.37937
alpha_rarefaction_70500_1.txt	70500	1	133.37038	86.82646	300.17377	49.36925	50.29808	39.29034	40.36671	104.78642
alpha_rarefaction_70500_2.txt	70500	2	133.60979	87.01655	299.21802	49.57963	50.66447	39.10465	40.57087	106.06152
alpha_rarefaction_70500_3.txt	70500	3	133.28599	86.82572	299.3905	49.14953	50.46515	39.11733	40.32274	105.16813
alpha_rarefaction_70500_4.txt	70500	4	133.35822	86.7624	300.11969	49.40578	49.95457	39.33408	40.60181	106.03617
alpha_rarefaction_70500_5.txt	70500	5	133.70287	86.61284	300.20861	49.45402	49.52308	39.25116	40.14954	104.63956
alpha_rarefaction_70500_6.txt	70500	6	132.45322	86.97479	300.04238	49.38105	51.6205	39.34972	40.34977	105.38023
alpha_rarefaction_70500_7.txt	70500	7	132.93135	86.45145	299.46999	49.16536	50.82875	39.33802	40.40787	105.57534
alpha_rarefaction_70500_8.txt	70500	8	132.96862	86.56664	300.07862	49.41582	51.1097	39.21701	40.10497	105.53982
alpha_rarefaction_70500_9.txt	70500	9	133.53529	86.95676	300.37342	49.51883	50.30458	39.03276	40.10653	105.42665
alpha_rarefaction_71500_0.txt	71500	0	133.85496	86.4714	300.71971	49.43857	50.83426	39.23974	40.63278	105.9477
alpha_rarefaction_71500_1.txt	71500	1	133.3393	86.90072	299.51401	49.24404	49.98213	39.26224	40.15591	105.5879
alpha_rarefaction_71500_2.txt	71500	2	133.39315	87.04574	300.76097	49.16051	50.57392	39.22152	40.54431	105.25348
alpha_rarefaction_71500_3.txt	71500	3	133.87428	86.88564	300.0916	49.08046	50.57398	39.03617	40.52171	105.86221
alpha_rarefaction_71500_4.txt	71500	4	133.36028	86.28895	300.18989	48.85837	50.34784	39.30063	40.23378	105.64383
alpha_rarefaction_71500_5.txt	71500	5	133.21881	87.02373	299.81896	49.50169	51.61731	39.24566	40.55129	105.95973
alpha_rarefaction_71500_6.txt	71500	6	133.14154	86.9048	300.66586	49.21712	50.24145	39.12218	40.63278	106.07109
alpha_rarefaction_71500_7.txt	71500	7	133.51517	86.67134	300.36571	49.57713	50.06193	39.32391	40.6175	106.30934
alpha_rarefaction_71500_8.txt	71500	8	133.30522	86.64339	299.6422	49.34585	51.53992	39.15994	40.54577	105.19379
alpha_rarefaction_71500_9.txt	71500	9	133.43211	86.99926	299.87192	48.85853	48.55449	39.00203	40.61023	105.28303
alpha_rarefaction_72500_0.txt	72500	0	133.65481	86.84025	300.73992	48.76999	49.88846	39.27689	40.60205	105.13238
alpha_rarefaction_72500_1.txt	72500	1	133.73422	86.70212	300.57667	49.37606	50.54354	39.27261	40.63278	105.58449
alpha_rarefaction_72500_2.txt	72500	2	133.45281	86.85741	300.86506	49.29777	52.14223	39.34972	40.58712	106.3507
alpha_rarefaction_72500_3.txt	72500	3	133.00625	86.91057	300.13849	48.99137	51.21372	39.26384	40.63278	105.54601
alpha_rarefaction_72500_4.txt	72500	4	133.35293	86.75104	299.62941	49.59063	50.20299	39.34972	40.63278	105.89169
alpha_rarefaction_72500_5.txt	72500	5	133.49375	86.87237	300.77321	49.40464	50.85066	39.33686	40.63278	105.6385
alpha_rarefaction_72500_6.txt	72500	6	133.57274	86.82879	300.46163	49.6037	49.52972	39.34972	40.63278	105.77962
alpha_rarefaction_72500_7.txt	72500	7	133.503	86.97074	300.72566	49.19092	50.90285	39.29034	40.63278	106.18348
alpha_rarefaction_72500_8.txt	72500	8	133.55545	86.66498	300.51885	49.33738	51.77131	39.26224	40.49998	105.23561
alpha_rarefaction_72500_9.txt	72500	9	132.95577	86.95254	300.04797	49.45759	51.89645	39.34972	40.58848	106.52475
alpha_rarefaction_73500_0.txt	73500	0	133.5598	86.91238	300.28848	49.24126	51.88231	39.34972	40.63278	105.99179
alpha_rarefaction_73500_1.txt	73500	1	133.27643	86.94044	300.32268	49.48193	49.48419	39.34972	40.52171	106.93726
alpha_rarefaction_73500_2.txt	73500	2	133.3905	86.49055	301.183	49.16735	51.40162	39.34972	40.63278	105.55097
alpha_rarefaction_73500_3.txt	73500	3	133.25297	86.65093	301.00087	49.1247	50.51955	39.34972	40.24711	106.46029
alpha_rarefaction_73500_4.txt	73500	4	133.70499	86.87599	300.63303	49.58191	50.32336	39.26224	40.63278	105.90777
alpha_rarefaction_73500_5.txt	73500	5	133.30445	86.98221	301.03702	49.35197	51.14855	39.34972	40.59203	106.7526
alpha_rarefaction_73500_6.txt	73500	6	133.58935	87.06123	301.07325	49.66477	49.0786	39.34972	40.63278	105.72462
alpha_rarefaction_73500_7.txt	73500	7	133.52162	86.88044	300.87071	49.53036	50.22822	39.19466	40.56362	105.66612
alpha_rarefaction_73500_8.txt	73500	8	133.25202	86.88881	301.16766	49.54354	49.92841	39.33862	40.61757	105.68554
alpha_rarefaction_73500_9.txt	73500	9	133.70274	86.84822	300.7448	49.27335	48.44687	39.34972	40.63278	106.56743